0.0,46.21246566016778,39.051999855854156,24.008864362366104,64.6137392844458,58.008347625032776,31.884361493973543,39.72295335738017,45.6062568957479,25.27069626325799,20.889110873058538,39.66443019433574,57.533953766540584,55.85736576182895,59.945761722086004,23.05035844998705,53.60799105131439,12.618297638493457,30.88024908096191,33.385925520685554,63.691131499874366,42.021998261804185,38.37998300797671,70.28972316236782,69.61924070310745,41.41325499976859,14.228375772031576,45.60049671010331,46.96597853752767,36.822992958039336,5.599802181413733,35.889794445141064,54.5569441810455,46.54306257268212,22.165276254628548,24.419740757739067,29.64851856054455,48.89680983960589,28.60688443303636,48.6558036657476,61.52622478037706,22.80001832136094,45.19766985175457,64.95885517769916,41.41455592711795,54.10183921003684,52.179947883455085,62.7214657369425,41.964817911326165,42.56706920512968,45.540389380854705,54.90967181328933,55.22694881068761,45.62547662508298,40.52728289950819
46.21246566016778,0.0,52.547915015573054,33.25871112627882,46.89232734955309,100.99441815137962,49.36877973178327,85.46447711985195,78.63533887974602,55.531322211760546,49.06363431165211,61.47628234091783,12.28708260820848,57.633690689672896,101.31815435727476,69.22818069610472,21.641610185863122,55.634650483313926,72.86915281432559,30.55791658918747,42.619920622514165,41.87439870798671,17.220008364582082,60.29722620723507,60.72657233748392,37.783938761630566,60.374882047779224,59.677570025981986,6.027795118746301,30.370121880942122,49.122174715395865,31.28491911876601,96.63498374259356,75.6439982203838,37.243204156927554,59.42737847678964,51.27084249535035,35.79881854030827,17.895320062910578,37.08819324497031,62.88839242273695,30.760851062184766,44.700103655541774,30.626733675996814,64.57677718762368,95.15480837933426,92.5302187442486,59.18091861905352,78.84652862657471,78.09459799890047,54.51678422956312,16.68187823069186,86.13386842736658,90.88453186946141,86.63550014898387
39.051999855854156,52.547915015573054,0.0,54.92396358625869,35.91194861227288,61.37835834487076,68.7810339135842,66.97489835182687,31.12506321399035,18.281546037475763,59.16953651237145,10.652848926537953,57.60016406259798,17.901428393872308,58.90985097253092,48.85710245918744,42.66929817688821,50.467856205447255,66.43429891274695,61.8082599201164,37.915549169994094,74.07316036913336,35.5134925980535,35.0898379590337,33.98242045049416,71.79734732228957,46.054710259694595,82.91174582226165,57.26659409720615,64.55030828753165,35.15072782007087,21.532447893122523,56.04022643209329,85.51904580884836,55.587554910050414,23.71675039967319,67.40256520883824,76.20352998528855,39.9770083306033,76.67147974821567,23.014798906442266,51.90140575532557,13.87876357510004,81.98949254759202,80.18211282955467,53.17937856609256,49.99490348531882,25.783053078747717,35.08500209198327,33.078021070487296,6.7791006966418825,68.38215749188211,93.81703643083782,58.96012668050027,60.428933658720865
24.008864362366104,33.25871112627882,54.92396358625869,0.0,68.98081744099551,81.44702015438371,17.29767554308816,56.83171895460556,68.7950947879077,46.49142730197675,16.160040429835906,59.079275560361744,45.521517613448545,68.45115022703966,83.7616428328661,44.25123661591211,49.532950320602914,27.063909795916206,41.49883962407805,9.445150349761978,66.33003471648043,19.351665056436477,35.4903460528007,78.73595256514774,78.52522334539714,17.835302782447854,34.90674940598036,30.286160674145165,31.052124186117236,12.888051704345516,29.386186508916328,41.82151441817831,78.2816107315579,42.670244707761825,4.103960019215312,47.22446027158753,18.37522618597786,24.889522812699518,22.093000945056612,24.684983005918657,74.40307535706626,3.4208139745605273,55.47145256360349,42.79359294808494,32.31184839413598,78.00011084776764,76.1524948493061,73.54429164953245,65.75860440553541,66.16833137238108,60.229085070758416,35.36286079816844,53.10864994407832,67.8835611949655,61.255048915792536
64.6137392844458,46.89232734955309,35.91194861227288,68.98081744099551,0.0,97.19330826823119,86.03656780446408,99.92877603499754,66.10246000875037,52.573771011110594,80.02092883066017,45.81852885626973,43.466591601870384,24.07131062688842,94.39067144491634,81.28703074319014,25.837955776863144,77.23198896809411,95.31150361649892,71.60161592482672,5.125697227315224,84.58294412337592,34.229621239637375,14.684238976060364,15.670539876272326,81.00662724304753,76.04094274268293,99.23304396908947,52.91858120684028,72.94547010229951,63.09845272523066,28.9170985691434,91.81953600879648,108.74652238751995,71.59911224754558,58.31738507158746,86.21748462273024,81.43554979339095,47.13495783147339,82.51335813181792,25.633094814369116,65.5690696184211,22.486885688009394,76.1858686049859,100.32673078520087,88.83122712167568,85.6176556321904,19.160634857037962,70.8359678097692,68.68424305571939,31.275715726310594,62.76403745063147,118.44454173384486,94.50904903074081,95.04277962055046
58.008347625032776,100.99441815137962,61.37835834487076,81.44702015438371,97.19330826823119,0.0,83.04034042868687,38.14367177639321,32.05006793142748,47.58272646473879,71.72818595322849,51.438005531287715,110.46907171555073,75.63351882343996,6.728281818958352,38.3567904675736,100.18678216266318,56.17931670761103,54.392863988194605,90.8847246712165,99.2792245429836,97.20812759976766,87.83267985616375,93.6002636456388,92.1788778901257,97.6544797560168,47.081404504935335,93.16344069723178,103.16677025235927,94.32064470271766,53.38986776703897,77.38476229186212,5.436618645691306,80.13970082656166,78.77722230315048,42.498061876480826,79.422697458812,105.95661308951018,83.30802763048784,105.4795718677974,78.03430204884154,80.68554142425678,75.18978348167397,122.91825697099381,83.86674128310541,8.96041242132354,12.0961875976871,83.56269267315912,26.36607967991589,28.62855727003974,66.10116352151513,112.24410131941653,82.04352583621193,16.548553778261688,26.154175859723082
31.884361493973543,49.36877973178327,68.7810339135842,17.29767554308816,86.03656780446408,83.04034042868687,0.0,51.79845686416582,76.94766228212265,57.06645241147897,11.740187903712716,71.09859333546788,61.39809560215159,83.76663052597168,86.59453268747389,44.714372699627155,66.76015622743601,27.240728108561004,33.79201206649908,19.46844994398436,83.52513543356785,16.03248669520326,52.77672588023054,95.23608215516494,94.9286378042674,18.515230687347387,36.62088863663722,14.132603301311326,46.147649796432056,21.177452668005046,37.33538022811652,58.2748807467746,80.8791181257989,26.50835299960488,14.449604308530636,56.20925579079664,3.8940771037581428,27.548775806057613,39.371038611098584,26.411865459283476,89.69107754253508,20.623611801285705,71.27075004147339,50.96134130528243,15.235463410759767,81.40930046000163,80.1682594433647,89.44186772289078,72.43208332318468,73.44027621947987,74.67398672246837,47.600527434169074,36.99114084358746,67.66008810532233,59.405578228242554
39.72295335738017,85.46447711985195,66.97489835182687,56.83171895460556,99.92877603499754,38.14367177639321,51.79845686416582,0.0,51.68734687456129,48.69590912076867,42.519544361664664,61.22873070257814,97.0948742046362,84.74580134708354,43.910059532209026,18.65170171626673,92.86841099346417,30.202815225312683,18.526132626677693,65.37944822834581,100.09428552035396,67.59782397425258,77.86522859485088,101.97402108451766,100.92215769242293,69.27339849663691,25.60495264668551,58.82531990652655,85.45868025001484,68.50968508383242,38.5234323306936,72.960418926334,38.658538099551905,42.689580686960895,53.09587362552374,43.36221328816311,47.906966723793815,78.3127811513563,68.2064307348555,77.42874601864588,89.29014517698415,57.5646303917401,78.05390662232315,99.43711641576898,48.38199904252063,41.09631159875453,41.72488199739808,92.74568110433376,44.10926967985198,46.603285848230854,73.57496091342111,91.83987836743474,43.90441718539195,21.817688072564025,12.349536913183117
45.6062568957479,78.63533887974602,31.12506321399035,68.7950947879077,66.10246000875037,32.05006793142748,76.94766228212265,51.68734687456129,0.0,23.56996195703102,65.35263622412921,20.541425254858076,86.02592504950947,43.745530889637934,28.409926676702433,38.821818908755866,72.91374626801304,51.09422700075435,59.790760649022126,77.72350210019793,68.67379362093119,87.51837048600038,63.01255880048375,61.61593819644162,60.177124309436,86.58706658759462,42.50031687621872,89.96755602326137,82.18664254423287,81.0408402284656,40.00675074298636,50.37947163299885,26.622806898437155,84.47216404037735,67.57046932850403,21.583669228909525,74.19180882281809,93.33339330494333,62.51762535294665,93.31909144765878,45.98506389087183,66.80579886258516,44.91826524485098,105.14031482328907,83.52730817479333,23.22742443289836,20.007595334784067,51.582344434059614,7.709073357800005,5.09208761922566,34.82855576970942,92.62327668617864,90.03584183654387,35.38393025698117,41.03763631516447
25.27069626325799,55.531322211760546,18.281546037475763,46.49142730197675,52.573771011110594,47.58272646473879,57.06645241147897,48.69590912076867,23.56996195703102,0.0,46.146906382607035,14.836484984293241,63.76423149784691,36.115976942334306,46.68177631948072,30.633849165768698,52.60486864520298,34.634888844339876,49.020475860996314,55.00924301846168,53.64653217923082,65.68100271713678,40.78277449028511,53.3076001372282,52.2347523784822,64.3060580560701,28.717270631428168,70.86697071556924,58.80307145835217,58.228394951580135,20.132930033385634,29.812572155627443,42.63850905293158,70.020166625832,45.86611150749451,5.746371607513896,54.91873453276927,70.49525947876134,39.00688638992755,70.5983097890296,40.920170667947595,44.163312117221345,30.134828368680505,81.57041544413359,66.31801152295654,40.54732357043327,37.66444237906743,44.06199934099346,23.38518487188094,22.566691950570174,24.933055619604904,69.11090304063529,77.55318999751069,42.15625958161602,42.564375143545654
20.889110873058538,49.06363431165211,59.16953651237145,16.160040429835906,80.02092883066017,71.72818595322849,11.740187903712716,42.519544361664664,65.35263622412921,46.146906382607035,0.0,60.523571855065235,61.35023922997059,75.08409108369217,75.08293205729589,33.3766496089172,63.46395430968046,15.633995210717607,25.84823879364149,23.31389439260247,78.0874318166463,25.729843904160653,48.514784843068725,87.89888642331213,87.43792960103082,26.8978548445984,24.982046651066277,24.806387755210505,47.177291301395485,26.228601631261366,26.120387959652895,51.378919447514825,69.38660095704454,28.785470390444285,12.056080976098322,44.878337128123626,8.86912723457488,35.853221828282884,35.4694510283336,35.03971036607709,80.9268153695717,18.307191397252236,63.24483429854255,57.283536411701924,21.117072326175588,69.81103946397106,68.50685717511483,81.31550540630833,60.71816538695067,61.76420730609937,65.37927555331474,51.22599341041078,38.799112109150435,56.69375374039594,48.8680567780038
39.66443019433574,61.47628234091783,10.652848926537953,59.079275560361744,45.81852885626973,51.438005531287715,71.09859333546788,61.22873070257814,20.541425254858076,14.836484984293241,60.523571855065235,0.0,67.44406184527297,24.85061086791736,48.60145480761597,44.123532367066296,53.11513817373959,49.46902312642659,63.47230325628661,66.89902698221337,48.19596417702905,78.43081765985991,44.84411562370358,42.914818412179855,41.61058897589251,76.6226448199032,43.338146432378025,85.06744361987587,65.78228085432721,69.9074095364968,34.78241023315666,31.271510857575198,46.04073638463298,84.85660513005215,59.02992945006737,18.580016321523964,69.1865594617929,81.95749045763108,47.277198372775615,82.25147401589986,28.49978938023253,56.38315346696129,24.377714102324017,90.01910408005585,80.97202577215099,43.013297540003435,39.79913048820948,33.00457333295008,25.075854230943563,22.86838211445518,14.67092301970543,76.7275319991055,92.33169826213656,50.58517079269026,53.280680049015494
57.533953766540584,12.28708260820848,57.60016406259798,45.521517613448545,43.466591601870384,110.46907171555073,61.39809560215159,97.0948742046362,86.02592504950947,63.76423149784691,61.35023922997059,67.44406184527297,0.0,59.00428105872927,110.27572119458293,80.3744832389968,18.067231345752013,67.52239359367444,84.98902421715638,42.284392778135725,38.58658392414148,52.78158839663081,23.045325946353383,57.88964123000351,58.61930038266,48.60787354907747,71.76057969797549,71.12535032183223,15.595685135950593,41.69223139452134,59.950642591054354,36.18323570885228,105.87249119489711,87.77540765390717,49.52066632205412,68.2259386763648,63.428622579633384,45.17408245348159,28.927618113191386,46.61250919935011,63.591451830982905,43.04793265759422,47.32667867086441,33.35226767854231,76.55404532478289,104.10983690523733,101.33220684292904,58.84876146162223,87.11738477867591,86.07868806385895,58.196289492848514,21.18202611598598,98.27205171245454,101.31765162205762,97.6283038105902
55.85736576182895,57.633690689672896,17.901428393872308,68.45115022703966,24.07131062688842,75.63351882343996,83.76663052597168,84.74580134708354,43.745530889637934,36.115976942334306,75.08409108369217,24.85061086791736,59.00428105872927,0.0,72.12903365889994,66.73610078409615,41.43110027242107,67.76641200887407,84.1926284241166,73.96190386867869,27.969336591061545,86.83129864641869,40.86501792489169,18.08435015398004,16.76066869425729,84.0155118491733,63.84623514810163,97.82460300148907,63.24330646951832,76.25039655158585,52.464406591860815,28.084132678284828,70.19844358780861,102.37174905099059,69.83998164685802,41.3905716474997,82.85353096503592,86.98731796528324,49.847188902424406,87.70838808104683,5.952042244976557,65.17144990961104,13.502509361931484,88.24645324232526,96.20074282059103,66.9302568542057,63.70066161881581,8.167184147851403,49.48132916034754,47.0583195805165,11.182969796148681,74.29693886595331,111.01841265110288,75.41855028194611,77.70785003094328
59.945761722086004,101.31815435727476,58.90985097253092,83.7616428328661,94.39067144491634,6.728281818958352,86.59453268747389,43.910059532209026,28.409926676702433,46.68177631948072,75.08293205729589,48.60145480761597,110.27572119458293,72.12903365889994,0.0,41.96220561195356,99.06624251936508,59.45056880113013,59.36136592528611,93.2017250585974,96.77090572946375,100.25269116974762,87.39697048063778,89.91077315245147,88.44857438444953,100.4427724168019,50.15362277905185,97.30367463594557,103.85430556679947,96.64604024532512,54.99471683669499,76.21437133997692,5.741259635734501,85.29725156876059,81.33996694896875,42.05468080605439,83.08390449003073,108.50541143424012,83.877824481945,108.11621395222828,74.11567832720218,82.74433662384361,72.78847579392317,124.47613869594367,88.37577283907397,6.16988183705665,9.065049601061343,79.89359704431067,23.99076052103295,25.834345299741635,63.130096349722834,113.31711651059594,87.69144811444156,22.09415343172032,31.673531378418424
23.05035844998705,69.22818069610472,48.85710245918744,44.25123661591211,81.28703074319014,38.3567904675736,44.714372699627155,18.65170171626673,38.821818908755866,30.633849165768698,33.3766496089172,44.123532367066296,80.3744832389968,66.73610078409615,41.96220561195356,0.0,74.82486865692698,17.90489414940681,20.969121795017607,53.54391771131333,81.44801060562233,58.94407755381781,60.084666265094036,83.6648865506566,82.66145401454476,59.593365625718455,9.386514895218447,55.455313966579936,69.98725703166973,56.92562486918065,20.615468971660796,54.4164866183652,36.22822997508569,46.11567866006701,41.1607380843201,25.67192141658642,41.148295464482274,68.13481682188821,51.5032684105042,67.5518025831698,71.53147238512358,44.07961922843907,59.49799229369781,86.79605554596307,47.06530566536138,37.02659223191995,36.160778190385514,74.62585520348229,32.15154160866341,34.09511134218106,55.55612790393932,77.58038960281571,51.21897244361563,23.68415101611814,17.50283828558718
53.60799105131439,21.641610185863122,42.66929817688821,49.532950320602914,25.837955776863144,100.18678216266318,66.76015622743601,92.86841099346417,72.91374626801304,52.60486864520298,63.46395430968046,53.11513817373959,18.067231345752013,41.43110027242107,99.06624251936508,74.82486865692698,0.0,65.40342823600272,83.78765711090524,49.71507295870982,21.236674387106763,62.1086975742456,15.366261190936859,39.99368960474293,40.65809274869038,58.20379810289556,67.32765386098009,78.67892438935151,27.57882703660018,50.3386785095188,54.36422396250703,22.852822817258883,95.22247652243875,91.83772193289157,52.949971475173975,57.80145853036655,67.83374169185724,57.222008851920755,27.999058744479882,58.44334880303122,45.74911522896082,46.35103614169966,30.742889510968023,50.34854741326526,81.84458971943175,92.99188138189679,90.00348061367437,40.82385792999903,75.22860613882153,73.78616388313107,42.01571730475963,36.97935834732942,102.11834993909925,93.25789093311435,91.15326464128773
12.618297638493457,55.634650483313926,50.467856205447255,27.063909795916206,77.23198896809411,56.17931670761103,27.240728108561004,30.202815225312683,51.09422700075435,34.634888844339876,15.633995210717607,49.46902312642659,67.52239359367444,67.76641200887407,59.45056880113013,17.90489414940681,65.40342823600272,0.0,18.455670127390487,36.098329792704256,76.27435138057808,41.048444708467095,50.05147350119847,82.69814526389696,81.98235836543518,41.71216945738905,9.381814330263772,39.16935322075751,55.32936818244957,39.412338076816425,15.326446734296892,48.48368371069182,53.757845557767,35.39702833768971,23.64288333052593,32.01294594330065,23.912452968944347,50.33416095229134,38.95369696356621,49.70853783648549,73.29938722422116,27.469519830330427,57.604424897551006,69.85719076560983,32.51189065086697,54.1869869337408,52.92852221869605,74.8764921841336,45.85559242204104,47.140410342493205,57.13132711133417,61.68790575468156,43.34978889272444,41.49142439107628,34.29465616020969
30.88024908096191,72.86915281432559,66.43429891274695,41.49883962407805,95.31150361649892,54.392863988194605,33.79201206649908,18.526132626677693,59.790760649022126,49.020475860996314,25.84823879364149,63.47230325628661,84.98902421715638,84.1926284241166,59.36136592528611,20.969121795017607,83.78765711090524,18.455670127390487,0.0,49.16212074505679,94.54152959156953,49.779394071077114,68.42375441404748,99.98092911207472,99.16376483714195,51.81425360600738,20.390223067343452,40.31279648055778,71.8631998758054,52.0423408346527,32.375206528076134,66.7372177644091,53.73225580603164,26.019801749192556,37.482917674106226,44.94484473031786,29.90844799726793,60.920423132475314,56.91303874118685,59.921943128339215,89.44859077396906,42.95017205566231,75.00483346024977,83.08677067920254,30.02649918461579,55.400096535799236,55.20356188216153,91.67357214933796,53.0373598614665,55.042986626167924,73.20921252155499,76.85062966755093,30.262140660729994,37.9056567719424,28.498875140282735
33.385925520685554,30.55791658918747,61.8082599201164,9.445150349761978,71.60161592482672,90.8847246712165,19.46844994398436,65.37944822834581,77.72350210019793,55.00924301846168,23.31389439260247,66.89902698221337,42.284392778135725,73.96190386867869,93.2017250585974,53.54391771131333,49.71507295870982,36.098329792704256,49.16212074505679,0.0,68.39211759372006,13.081938451623364,37.38409776037747,82.58028898520124,82.53820586185692,10.068937828630132,44.23751681807205,29.19496820676962,26.836839418007795,3.4443259202483443,38.68769853748505,46.332241987370246,87.72600279497748,45.9681550441273,12.455521224111184,56.1424948610428,22.12506188373826,15.632471597105644,24.815708597205717,15.607018059582444,79.8779295956133,10.917984981149933,60.62708969257029,34.07281524553396,34.387259069950964,87.42914138846645,85.55873623440863,78.33913015258236,74.94937267378292,75.26908147261582,66.61498544393208,28.45319302346599,56.43851994221079,77.20973992817196,70.38567395642077
63.691131499874366,42.619920622514165,37.915549169994094,66.33003471648043,5.125697227315224,99.2792245429836,83.52513543356785,100.09428552035396,68.67379362093119,53.64653217923082,78.0874318166463,48.19596417702905,38.58658392414148,27.969336591061545,96.77090572946375,81.44801060562233,21.236674387106763,76.27435138057808,94.54152959156953,68.39211759372006,0.0,81.27189639655934,31.072353368755778,19.799548123019473,20.79611251333591,77.59535172780075,75.70565627060931,96.46239308810138,48.62756419359368,69.5577705109251,62.611356848669146,27.80490188611346,93.95217973112304,106.87048621111279,69.14640505806061,59.382999847538755,83.91298797567204,77.6086076250858,44.29403581167637,78.7347043086699,30.14130477804782,62.94244906161161,24.096157881465352,71.50279329401391,98.0589820490282,91.08632453998021,87.89449977060214,23.847033486159802,73.00013293925092,70.96116371049668,33.9671809332451,58.21493627238959,116.73108817692824,95.78091040627025,95.80738388450771
42.021998261804185,41.87439870798671,74.07316036913336,19.351665056436477,84.58294412337592,97.20812759976766,16.03248669520326,67.59782397425258,87.51837048600038,65.68100271713678,25.729843904160653,78.43081765985991,52.78158839663081,86.83129864641869,100.25269116974762,58.94407755381781,62.1086975742456,41.048444708467095,49.779394071077114,13.081938451623364,81.27189639655934,0.0,50.35339598551485,95.66186277425537,95.61943857758652,4.191485003592442,50.160888004678576,19.031378907815522,37.22025779594438,11.777790927021565,47.60151950766413,59.352757222325955,94.61181878865976,39.62358822634755,19.95253306142297,66.05533357263366,19.886389267520975,11.90882147230275,37.897642793654946,10.597573786889166,92.76318433403665,22.188191617467844,73.56439240945141,36.05940996202503,27.42005259359748,94.77248653077393,93.22776525684893,91.35915294764956,83.95480442053118,84.58847401940494,79.1538889501728,35.42567208933246,49.61687635209566,82.39775830980211,74.57467452558677
38.37998300797671,17.220008364582082,35.5134925980535,35.4903460528007,34.229621239637375,87.83267985616375,52.77672588023054,77.86522859485088,63.01255880048375,40.78277449028511,48.514784843068725,44.84411562370358,23.045325946353383,40.86501792489169,87.39697048063778,60.084666265094036,15.366261190936859,50.05147350119847,68.42375441404748,37.38409776037747,31.072353368755778,50.35339598551485,0.0,45.902515280717914,46.058750034425614,46.80024198327663,52.26887727814696,65.45028006332659,22.490726525734704,38.73547041408848,39.493890349904675,14.090867662217029,83.11955022454767,77.12344081917558,38.572734270391095,45.40766396687659,53.474623893307346,47.78093630064676,13.408528103077636,48.74588513407648,46.33748488402039,32.15585626965453,27.66811616625619,47.55575907584892,67.60285785977096,81.24032115346175,78.41579612415428,43.25132512808051,64.10116449067878,63.036493865670366,37.29678137000341,33.645357424746194,87.29152461620183,79.57968540937206,76.79064079460065
70.28972316236782,60.29722620723507,35.0898379590337,78.73595256514774,14.684238976060364,93.6002636456388,95.23608215516494,101.97402108451766,61.61593819644162,53.3076001372282,87.89888642331213,42.914818412179855,57.88964123000351,18.08435015398004,89.91077315245147,83.6648865506566,39.99368960474293,82.69814526389696,99.98092911207472,82.58028898520124,19.799548123019473,95.66186277425537,45.902515280717914,0.0,1.5870333402970735,92.34103047644201,79.89034892402248,108.92901640709897,66.30343959151234,84.3025649787584,67.69568914326807,36.97232970467791,88.163651637599,116.14563981509801,80.85404474063365,58.80531297299969,94.91615175807298,93.68079603292423,57.76602773524927,94.64704055393572,16.063801995529634,75.32603122840932,25.097178736515264,90.20021653812972,108.78620857572996,84.83942664488644,81.61480053693052,10.037579525679066,67.53116444583807,65.08032783436151,28.761595137322622,76.56877209737743,125.34545745911815,93.44046944841654,95.45463908686396
69.61924070310745,60.72657233748392,33.98242045049416,78.52522334539714,15.670539876272326,92.1788778901257,94.9286378042674,100.92215769242293,60.177124309436,52.2347523784822,87.43792960103082,41.61058897589251,58.61930038266,16.76066869425729,88.44857438444953,82.66145401454476,40.65809274869038,81.98235836543518,99.16376483714195,82.53820586185692,20.79611251333591,95.61943857758652,46.058750034425614,1.5870333402970735,0.0,92.34226378126657,79.02282033733002,108.67366731603109,66.71875123615744,84.31690559007352,66.92353985835246,36.71521485586539,86.74249932166816,115.59877669915555,80.5737262420491,57.69651618597391,94.54535468199126,93.83532421951311,57.724337125644794,94.78057783813189,14.522960299701312,75.12159571189126,24.43018540909492,90.75824936637946,108.37126703960396,83.40360642161573,80.18074504450651,8.640970199131937,66.14811707109344,63.683731210898245,27.572743984679544,77.07587047312204,124.7358066700544,92.16698416738177,94.28232538181126
41.41325499976859,37.783938761630566,71.79734732228957,17.835302782447854,81.00662724304753,97.6544797560168,18.515230687347387,69.27339849663691,86.58706658759462,64.3060580560701,26.8978548445984,76.6226448199032,48.60787354907747,84.0155118491733,100.4427724168019,59.593365625718455,58.20379810289556,41.71216945738905,51.81425360600738,10.068937828630132,77.59535172780075,4.191485003592442,46.80024198327663,92.34103047644201,92.34226378126657,0.0,50.583877271794925,23.13557709573388,33.05821152337083,8.06522672225589,46.924134283981736,56.31454135218326,94.85298058552908,43.24405207349488,19.277915536177733,65.03235623969037,22.206026633580013,9.10928812500916,34.654840753953096,8.156032823089584,89.92660512315997,20.253087105337798,70.66067786018895,32.64903283412841,31.068800663377985,94.84590277120967,93.17621728759623,88.30857374164626,83.35768598176819,83.86031726485916,76.66745971136187,31.322656148017053,53.36692323636364,83.20047337037383,75.67803019082763
14.228375772031576,60.374882047779224,46.054710259694595,34.90674940598036,76.04094274268293,47.081404504935335,36.62088863663722,25.60495264668551,42.50031687621872,28.717270631428168,24.982046651066277,43.338146432378025,71.76057969797549,63.84623514810163,50.15362277905185,9.386514895218447,67.32765386098009,9.381814330263772,20.390223067343452,44.23751681807205,75.70565627060931,50.160888004678576,52.26887727814696,79.89034892402248,79.02282033733002,50.583877271794925,0.0,48.38338041819811,60.88418950648941,47.634754619389255,13.187917088819816,48.11030456593536,44.4820027543226,42.387176362479444,31.905674519307542,25.00945887781656,33.28314725564552,58.99082988327497,42.83297995308635,58.45977251905924,69.0665595885174,34.69336962261286,55.07361259001927,77.41003400482283,41.11901432193427,44.830506070167395,43.54743254360765,71.40000215312291,36.8600665055623,38.30872982959731,52.831965272238094,68.26811911669206,49.12881120541905,32.97810391771646,26.7692114245739
45.60049671010331,59.677570025981986,82.91174582226165,30.286160674145165,99.23304396908947,93.16344069723178,14.132603301311326,58.82531990652655,89.96755602326137,70.86697071556924,24.806387755210505,85.06744361987587,71.12535032183223,97.82460300148907,97.30367463594557,55.455313966579936,78.67892438935151,39.16935322075751,40.31279648055778,29.19496820676962,96.46239308810138,19.031378907815522,65.45028006332659,108.92901640709897,108.67366731603109,23.13557709573388,48.38338041819811,0.0,55.536961743289254,29.43328994823774,50.914510987722736,71.96311005128085,91.56265024352004,22.464839427270302,28.12823715040057,69.68160176271996,15.960760668039198,30.12366258201532,52.17156479451599,28.603411902538326,103.75701728234753,33.70666457505119,85.21814442405919,54.28610793328962,11.184965316741849,92.48175580348769,91.54356491794188,103.37928448228578,85.00206140301476,86.20692368597123,88.80166204260361,54.450574900281794,31.5748391085443,77.13012563021208,68.19494355520399
46.96597853752767,6.027795118746301,57.26659409720615,31.052124186117236,52.91858120684028,103.16677025235927,46.147649796432056,85.45868025001484,82.18664254423287,58.80307145835217,47.177291301395485,65.78228085432721,15.595685135950593,63.24330646951832,103.85430556679947,69.98725703166973,27.57882703660018,55.32936818244957,71.8631998758054,26.836839418007795,48.62756419359368,37.22025779594438,22.490726525734704,66.30343959151234,66.71875123615744,33.05821152337083,60.88418950648941,55.536961743289254,0.0,26.106928875493878,50.44238088394883,36.351540968693904,98.9956571959895,72.62799167563035,35.1440597252823,62.31334663553547,48.40078953501719,30.273703496076664,19.997479222588098,31.626294285804633,68.58767390516948,29.024236256407363,50.14913826684603,25.065076758496264,61.20694130160834,97.71584404448294,95.20303456250855,65.0302477852642,81.91490601969517,81.3320778744541,59.6343771405091,11.180445030940989,83.12280678212439,92.29544512842949,87.48335223331186
36.822992958039336,30.370121880942122,64.55030828753165,12.888051704345516,72.94547010229951,94.32064470271766,21.177452668005046,68.50968508383242,81.0408402284656,58.228394951580135,26.228601631261366,69.9074095364968,41.69223139452134,76.25039655158585,96.64604024532512,56.92562486918065,50.3386785095188,39.412338076816425,52.0423408346527,3.4443259202483443,69.5577705109251,11.777790927021565,38.73547041408848,84.3025649787584,84.31690559007352,8.06522672225589,47.634754619389255,29.43328994823774,26.106928875493878,0.0,42.10989202878726,48.424030984511205,91.16955353147813,47.480863837572386,15.785629097014464,59.466380764155815,24.188088172849916,12.293565568329361,26.68024864698708,12.385331630614605,82.14150525377703,14.265989687508224,62.844182473315584,31.055005708890565,35.63508707960759,90.87269509907259,88.99857790628931,80.38612094515484,78.33808424525141,78.63402086509483,69.19490493688976,26.424082362032497,57.88621338061425,80.59929190784031,73.7068507909213
5.599802181413733,49.122174715395865,35.15072782007087,29.386186508916328,63.09845272523066,53.38986776703897,37.33538022811652,38.5234323306936,40.00675074298636,20.132930033385634,26.120387959652895,34.78241023315666,59.950642591054354,52.464406591860815,54.99471683669499,20.615468971660796,54.36422396250703,15.326446734296892,32.375206528076134,38.68769853748505,62.611356848669146,47.60151950766413,39.493890349904675,67.69568914326807,66.92353985835246,46.924134283981736,13.187917088819816,50.914510987722736,50.44238088394883,42.10989202878726,0.0,34.94684985426255,49.71070389368595,50.48457647689843,27.71169156024677,18.88419999868447,34.95489107501735,54.263380800752664,31.250362366412308,54.068424790048226,57.976278534994904,27.947453531435375,42.660437580486565,69.56290986714565,46.20353672779237,49.06502691603217,47.025970235760056,59.65834320062235,36.43355613202046,36.98952821687562,41.805242740670266,58.97846097072746,58.66876498179211,41.86028384355386,37.681675268208004
35.889794445141064,31.28491911876601,21.532447893122523,41.82151441817831,28.9170985691434,77.38476229186212,58.2748807467746,72.960418926334,50.37947163299885,29.812572155627443,51.378919447514825,31.271510857575198,36.18323570885228,28.084132678284828,76.21437133997692,54.4164866183652,22.852822817258883,48.48368371069182,66.7372177644091,46.332241987370246,27.80490188611346,59.352757222325955,14.090867662217029,36.97232970467791,36.71521485586539,56.31454135218326,48.11030456593536,71.96311005128085,36.351540968693904,48.424030984511205,34.94684985426255,0.0,72.38903451159844,79.99061223587091,43.88208284245909,35.13416482706963,58.052750892270375,58.92763814128802,21.830015315934126,59.67663418056945,33.87504469223816,38.42492437309208,14.581627321577244,61.36178528404462,72.02848296314332,70.1392198689791,67.15223904070785,32.00810336796684,52.40119162640861,51.01498098133806,23.283409049564938,47.531853787041264,89.58551672314704,71.09368572102844,69.7956603530897
54.5569441810455,96.63498374259356,56.04022643209329,78.2816107315579,91.81953600879648,5.436618645691306,80.8791181257989,38.658538099551905,26.622806898437155,42.63850905293158,69.38660095704454,46.04073638463298,105.87249119489711,70.19844358780861,5.741259635734501,36.22822997508569,95.22247652243875,53.757845557767,53.73225580603164,87.72600279497748,93.95217973112304,94.61181878865976,83.11955022454767,88.163651637599,86.74249932166816,94.85298058552908,44.4820027543226,91.56265024352004,98.9956571959895,91.16955353147813,49.71070389368595,72.38903451159844,0.0,79.70098613923835,75.79399336570216,37.71487203215857,77.35856010152516,102.97429548419711,79.06191467266946,102.5634554511325,72.60440038816161,77.3385515462466,69.87239732527182,119.26065142365994,82.65486885830254,3.796229873567138,6.7397485138338,78.12608208512748,20.983614139572392,23.208891212240395,60.697584788093955,108.29095025276419,82.29267186887279,16.896671443468446,26.34006210347067
46.54306257268212,75.6439982203838,85.51904580884836,42.670244707761825,108.74652238751995,80.13970082656166,26.50835299960488,42.689580686960895,84.47216404037735,70.020166625832,28.785470390444285,84.85660513005215,87.77540765390717,102.37174905099059,85.29725156876059,46.11567866006701,91.83772193289157,35.39702833768971,26.019801749192556,45.9681550441273,106.87048621111279,39.62358822634755,77.12344081917558,116.14563981509801,115.59877669915555,43.24405207349488,42.387176362479444,22.464839427270302,72.62799167563035,47.480863837572386,50.48457647689843,79.99061223587091,79.70098613923835,0.0,38.979168594405046,67.10565393192493,24.381335226344138,51.43624826322075,63.889117427945116,50.01437357452727,108.06564219293013,45.63544009895175,91.22268393103073,75.67357413308568,12.20398385149232,81.41820673172452,81.20585489446484,109.06471507400764,78.17104318273081,79.96575480839923,92.06679240285754,73.83512859347985,10.498314466101334,63.59346932693022,54.02475953760904
22.165276254628548,37.243204156927554,55.587554910050414,4.103960019215312,71.59911224754558,78.77722230315048,14.449604308530636,53.09587362552374,67.57046932850403,45.86611150749451,12.056080976098322,59.02992945006737,49.52066632205412,69.83998164685802,81.33996694896875,41.1607380843201,52.949971475173975,23.64288333052593,37.482917674106226,12.455521224111184,69.14640505806061,19.95253306142297,38.572734270391095,80.85404474063365,80.5737262420491,19.277915536177733,31.905674519307542,28.12823715040057,35.1440597252823,15.785629097014464,27.71169156024677,43.88208284245909,75.79399336570216,38.979168594405046,0.0,46.10454221518456,14.914171721970494,27.188553052684064,25.181494673252384,26.777012380545425,75.7853542812212,6.660074258957341,57.11191761931747,46.36983670891305,29.030123806568213,75.67631665472551,73.950044686111,75.26392492295504,64.1295349415737,64.69509920859207,61.17296823087441,39.36893011686478,49.36735199621998,64.84226191098776,57.93230175540294
24.419740757739067,59.42737847678964,23.71675039967319,47.22446027158753,58.31738507158746,42.498061876480826,56.20925579079664,43.36221328816311,21.583669228909525,5.746371607513896,44.878337128123626,18.580016321523964,68.2259386763648,41.3905716474997,42.05468080605439,25.67192141658642,57.80145853036655,32.01294594330065,44.94484473031786,56.1424948610428,59.382999847538755,66.05533357263366,45.40766396687659,58.80531297299969,57.69651618597391,65.03235623969037,25.00945887781656,69.68160176271996,62.31334663553547,59.466380764155815,18.88419999868447,35.13416482706963,37.71487203215857,67.10565393192493,46.10454221518456,0.0,53.741946133767975,71.75728562807231,42.33977011181257,71.73598586642586,45.970133489975815,45.2245257212538,35.8695458924839,84.31627705503281,64.31589326580225,35.88670691126802,33.154026822745,49.422815564100134,19.67519104497273,19.43674193041524,30.232076089968693,72.28573992495878,74.13618619058599,36.446401108260886,36.867904973213044
29.64851856054455,51.27084249535035,67.40256520883824,18.37522618597786,86.21748462273024,79.422697458812,3.8940771037581428,47.906966723793815,74.19180882281809,54.91873453276927,8.86912723457488,69.1865594617929,63.428622579633384,82.85353096503592,83.08390449003073,41.148295464482274,67.83374169185724,23.912452968944347,29.90844799726793,22.12506188373826,83.91298797567204,19.886389267520975,53.474623893307346,94.91615175807298,94.54535468199126,22.206026633580013,33.28314725564552,15.960760668039198,48.40078953501719,24.188088172849916,34.95489107501735,58.052750892270375,77.35856010152516,24.381335226344138,14.914171721970494,53.741946133767975,0.0,31.285357034968634,40.092512537912334,30.187916163416183,88.74717204423722,21.48309027020396,70.62684064206162,54.45354069677189,14.151166845282246,77.97132971521226,76.8020798715706,88.78311632454721,69.45448431342636,70.55248404806147,73.46085905214755,50.51780045364137,34.86456202095966,63.9368822610471,55.603548139488446
48.89680983960589,35.79881854030827,76.20352998528855,24.889522812699518,81.43554979339095,105.95661308951018,27.548775806057613,78.3127811513563,93.33339330494333,70.49525947876134,35.853221828282884,81.95749045763108,45.17408245348159,86.98731796528324,108.50541143424012,68.13481682188821,57.222008851920755,50.33416095229134,60.920423132475314,15.632471597105644,77.6086076250858,11.90882147230275,47.78093630064676,93.68079603292423,93.83532421951311,9.10928812500916,58.99082988327497,30.12366258201532,30.273703496076664,12.293565568329361,54.263380800752664,58.92763814128802,102.97429548419711,51.43624826322075,27.188553052684064,71.75728562807231,31.285357034968634,0.0,37.14761150412243,1.5747777231940596,92.80228141766978,26.541681972355526,73.4945407415875,24.26450063785421,39.23780862493317,102.802744544693,101.00644085966404,90.56655445098633,90.57375753159786,90.90155095134085,80.54502353133483,25.664949442274363,61.298904369905394,91.80063651280794,84.47500310677223
28.60688443303636,17.895320062910578,39.9770083306033,22.093000945056612,47.13495783147339,83.30802763048784,39.371038611098584,68.2064307348555,62.51762535294665,39.00688638992755,35.4694510283336,47.277198372775615,28.927618113191386,49.847188902424406,83.877824481945,51.5032684105042,27.999058744479882,38.95369696356621,56.91303874118685,24.815708597205717,44.29403581167637,37.897642793654946,13.408528103077636,57.76602773524927,57.724337125644794,34.654840753953096,42.83297995308635,52.17156479451599,19.997479222588098,26.68024864698708,31.250362366412308,21.830015315934126,79.06191467266946,63.889117427945116,25.181494673252384,42.33977011181257,40.092512537912334,37.14761150412243,0.0,37.862477734035174,55.681302537501296,18.748391354161456,36.364452981534825,42.88132124613703,54.20835437752822,77.73377162741254,75.20802000389756,53.719824382408504,61.97174116509082,61.458168403294735,43.70115050000424,30.107511959900478,74.13452428138697,72.98925432579838,68.84271238802594
48.6558036657476,37.08819324497031,76.67147974821567,24.684983005918657,82.51335813181792,105.4795718677974,26.411865459283476,77.42874601864588,93.31909144765878,70.5983097890296,35.03971036607709,82.25147401589986,46.61250919935011,87.70838808104683,108.11621395222828,67.5518025831698,58.44334880303122,49.70853783648549,59.921943128339215,15.607018059582444,78.7347043086699,10.597573786889166,48.74588513407648,94.64704055393572,94.78057783813189,8.156032823089584,58.45977251905924,28.603411902538326,31.626294285804633,12.385331630614605,54.068424790048226,59.67663418056945,102.5634554511325,50.01437357452727,26.777012380545425,71.73598586642586,30.187916163416183,1.5747777231940596,37.862477734035174,0.0,93.54229588536208,26.517417294959408,74.22656771113898,25.73342161971545,37.823089905191225,102.44833141215206,100.69285672549184,91.39995466248074,90.43666682648968,90.81113859480814,81.11071935375772,27.214851100204307,59.83552147251477,91.19631984035571,83.76974021059983
