0.0,106.91475215569848,98.40874198559433,66.83349841368437,90.95738820897836,61.750689994528315,95.13000221813772,32.06062992112068,41.6746630419712,66.65141134763915,63.42894019342587,61.717917300121165,56.65549663485312,63.62040646859313,53.9523424823624,99.44497689775822,71.70749514445248,77.49202937161188,44.14744907304638,94.92250329797817,47.49682599112275,33.657109104032266,90.57842899871714,19.06307877727609,86.90112113605613,40.170276084944305,46.88816212880144,97.78604901502958,113.36387752610116,78.21097236391971,43.537497793815355,75.12065005634183,93.10851126955609,79.35834465653954,39.26204902037283,80.45542211948845,39.08680917081582,85.58855836996324,86.53684550198197,85.07797158580945,82.81471632096043,30.340716114224048,34.46546531370032,78.68729129554237,51.79106151985966,97.21002782515284,56.41104278254325,27.163307688156934,17.398843181563898,50.31203860782219
106.91475215569848,0.0,22.01803914687972,77.7356528950873,17.47537904324765,55.992804254664456,37.04957785399153,87.27393649013517,73.51811996654887,86.70422343019857,51.61224647647498,69.47954903402923,68.79107181967034,72.61849615788407,84.34603549364749,79.60448425298006,51.00436346444075,38.324944419000325,97.0180636632402,17.68126363414313,85.68463057943441,83.74050003336714,36.40199818840563,90.41254308382057,55.06664150153032,69.43325091578212,65.8937760064781,9.128962451090459,6.6375818241664595,45.97230021580305,65.2765280323115,34.16236823184974,18.389546645684923,90.86099115868834,68.34814002624792,45.19465900339284,87.24247279686652,24.135656692685156,49.08405269077307,53.97992175023405,27.7545813514711,114.2880381512469,111.31448199755596,31.253660325898185,74.94287048147393,38.57410503449741,51.266533949863444,81.60342420610786,105.8893802615584,56.79573810233968
98.40874198559433,22.01803914687972,0.0,58.148853313603475,26.586378228654553,40.19467728468351,15.031539095926588,73.91021101662967,60.18668012255532,67.02893110645992,36.70526180773834,74.61613416315838,72.22768813702504,53.77353016983356,66.6520061482641,57.58884027725131,32.755627436878136,45.65095514808013,80.62162091715875,7.545618161674273,69.11217733494577,81.47643140461604,14.852349754808518,84.38683079418448,33.37368586332448,65.78023617318208,53.074797921523505,19.366638107242984,24.5050513483501,55.146560226553206,54.90948497179304,37.125835619059444,30.97091852703948,69.86153315204085,59.22210364243353,55.2478815786082,72.26201661387165,31.64175776130067,27.547901960332606,32.49036555637906,34.672751947502164,100.38175293798548,96.59625607750745,36.05606414787548,77.3775226530631,16.647122678127165,47.95052135428394,76.05167854292759,94.0685688069695,51.49291202314717
66.83349841368437,77.7356528950873,58.148853313603475,0.0,70.80749623148088,26.008296228331304,46.05930095904482,34.78963660032774,29.599152560306706,8.96857723880896,30.554789618733206,86.3608500743576,81.00069020172276,6.539732812977509,13.83033111090859,32.656331899533875,26.949161662630175,74.7962668230675,28.769224041428007,60.14836656877652,19.935741759138086,72.66576158842645,43.81537907593429,64.17446605822023,28.76141214255119,60.48837221906857,30.8508870200151,70.7759168935869,81.9361079185776,82.74021804607895,38.669172414700554,65.30497854706155,75.58293485160983,17.53141114040965,43.141602574616826,84.37334434203164,27.955098163968156,70.25216801488216,32.49223821684476,28.21111229864502,70.3071942248703,52.66947526222651,47.13410128574223,67.78184182652467,81.86610668330884,46.576139070903416,55.68994761506752,60.516208129386555,53.63956303431214,51.774225997574455
90.95738820897836,17.47537904324765,26.586378228654553,70.80749623148088,0.0,46.208618729458614,39.21691169369617,74.09940877478589,60.761965197789664,79.59194490486448,41.48311449614993,52.43179730920242,51.45317611202975,64.91698630503521,74.85836946445457,79.84766242290273,44.13853104130284,21.395705790349393,85.91874231974563,19.09113582537383,75.04993346582764,66.44146586005179,36.454154706270366,73.8246591276935,53.63178075898423,52.50427060647493,53.13424345214597,9.691075461031561,24.0664390981473,29.971534491489205,51.05675377030649,16.785464406581923,5.043088701924878,86.01043153335227,53.37115580865431,29.63771990536693,75.22118601081351,6.727702365139214,47.600098965483,51.97540962481308,10.37901994567473,100.95890796537488,98.59165926306784,13.77993291510675,57.529802787720705,41.56345256877747,34.67251063047293,64.98606669344723,91.43413203512287,40.649374637295054
61.750689994528315,55.992804254664456,40.19467728468351,26.008296228331304,46.208618729458614,0.0,33.695801616900575,34.038831385671,20.74622623678521,34.21475363295506,4.748926640879525,63.046258709261096,58.14188006016438,19.585684703829408,28.719866136847852,47.86551804061704,10.003170958699831,48.80060105645166,41.08374411081901,39.50457568837032,29.696664758896333,55.324520376971286,29.41337730442549,51.87547722504219,26.85236266593785,40.5302400820606,14.918097672157545,47.928922316945865,61.21324136709935,56.90802266823836,20.473198326387312,39.31737934225835,50.72184272273406,43.020431523257066,25.858351793771124,58.47897323126586,32.08084799657065,44.8323865537606,25.149918893270396,24.730698146797014,44.58320514593134,60.20507610073911,56.42462580452039,41.87773562273097,60.25927620527289,35.60774046373038,31.020954327082062,45.34811419618546,54.69442855268375,28.56395874415421
95.13000221813772,37.04957785399153,15.031539095926588,46.05930095904482,39.21691169369617,33.695801616900575,0.0,67.4511796083271,54.43281224617697,54.6362856776617,31.7123163164782,81.42723675998458,78.13585917227337,42.69330122202111,56.354278621066115,42.56025655265386,24.218580386205346,55.32864168641399,71.19572206540295,20.96041487916651,59.85398909768093,83.31070727129836,4.848123654762478,83.42491206092676,19.000359572389446,67.43388151731088,48.302430015559395,33.63347611835658,39.2075220269561,65.0521342286935,52.170967433855495,45.60442406177263,44.04812975980066,55.97869440236531,57.18286110303282,65.566683318978,64.4047075170499,42.94356689465961,13.75431265370521,18.548127866557348,45.323292711794025,92.71531783897693,88.31387581745635,45.58405831002326,82.45017835715666,2.7186777992106186,51.30282402088331,75.78856296101524,88.27738199637136,53.07412100688423
32.06062992112068,87.27393649013517,73.91021101662967,34.78963660032774,74.09940877478589,34.038831385671,67.4511796083271,0.0,13.83998468695475,35.34982147989757,37.20509603903677,65.97726103564891,60.15774104195784,31.692013362174833,22.34076428056159,67.38447700720171,43.24025009175438,67.76138562500624,17.83812660606185,72.25329440315242,16.01559857987767,44.2422724248457,63.355326152526494,31.977492308393927,56.37160694994003,37.77021656410355,21.389471023828687,78.47622417158959,93.12570678743973,72.40883534815399,23.529071702822,61.45277075589469,77.62285116692145,48.27577720515852,23.33608506730525,74.5387033585585,7.714428062467997,70.44461361849677,56.97330438226349,54.75787146411893,68.7336722740119,27.016987740371384,24.571546522965352,64.92470718304284,58.46815208003662,69.1507839010878,44.292980972582164,31.45257881249546,20.93469219825938,37.82756358066892
41.6746630419712,73.51811996654887,60.18668012255532,29.599152560306706,60.761965197789664,20.74622623678521,54.43281224617697,13.83998468695475,0.0,33.64327600160184,23.520589848568573,59.68658486140052,54.0053275777992,24.437473924233924,21.7309425140114,60.4161312722469,30.421467317014976,56.286764162404694,26.43735506955782,58.415582616496934,17.894773712977727,43.145482252377185,50.152439519109336,35.07003107326096,45.25219870629762,32.14224717767884,7.6606659842981255,64.77936153047551,79.3216282632935,62.014235895498935,12.188630791574944,49.05624667013346,64.49049432257289,46.07514432063324,14.805212178058298,64.02767059216038,14.806977422502756,57.484815022806806,44.94291940968282,43.40756699435136,56.046186902462054,40.793321304320706,37.910710057552095,52.405239978643415,53.79355235113478,56.29644229642859,33.33360899807538,30.917954553793866,34.02126556867573,27.456718076078573
66.65141134763915,86.70422343019857,67.02893110645992,8.96857723880896,79.59194490486448,34.21475363295506,54.6362856776617,35.34982147989757,33.64327600160184,0.0,38.88295007591123,92.41675946085596,86.89760849343783,14.730749121848113,13.056077314043142,35.14593789753243,35.882990914908035,82.75823669629877,24.806733713190074,69.1139026308879,19.34662941339915,76.54827175343003,52.59070496622166,66.55428301580207,36.74343193988462,65.60164129339044,36.59026800548153,79.72005541654117,90.88724329337722,90.39139116206896,44.210635182575416,73.48740354445845,84.32609124011898,12.947913289007909,48.11920632234388,92.10416835049372,27.78073952861031,78.83956925409831,40.95023723330367,36.45316062745136,78.75734393156333,48.63961868955567,42.74202271306044,76.09197728828687,87.21522130109392,55.001467946788324,62.72493082488212,63.99522973137129,51.90701048094699,58.27658115339548
63.42894019342587,51.61224647647498,36.70526180773834,30.554789618733206,41.48311449614993,4.748926640879525,31.7123163164782,37.20509603903677,23.520589848568573,38.88295007591123,0.0,60.06269636438448,55.36848551392787,24.202082913393603,33.40059362670241,50.51199939036199,10.08611468297661,44.38200872113985,45.40687582943781,35.45047795833185,34.117499146139494,54.35605960218365,27.154838246175242,52.264006267726025,27.742132006968617,39.063457427933116,16.73891730363988,43.41036114688077,56.97407830480666,52.69231316343936,20.70741801715824,34.75919582675882,45.978860461516255,47.35092806169643,25.936267712824865,54.20038432053553,35.93609643543581,40.09028114222226,25.01259692847491,25.5261915740128,39.88063353417444,63.78300994147958,60.24623632608246,37.24010213706853,57.91453403586323,33.85817207644881,27.751571094805623,45.185696219855586,57.50951395688469,26.1413140889864
61.717917300121165,69.47954903402923,74.61613416315838,86.3608500743576,52.43179730920242,63.046258709261096,81.42723675998458,65.97726103564891,59.68658486140052,92.41675946085596,60.06269636438448,0.0,5.819914205088495,79.99602294019846,81.34762111396537,110.57012521445833,69.48619230011666,31.15625227897528,83.6017672244339,67.66286404668872,77.38165103760058,28.090351746710965,76.90009279862515,43.11703340644959,86.47187231131201,28.23711237957172,55.83338862946865,62.070882983836114,75.7871361571638,24.747647056998318,48.24207525361936,37.61335227652098,51.18120467795953,103.8546764538386,44.89582176174123,26.36392084374752,71.96965442414336,45.73467249327723,82.10709681713098,84.24644136096464,42.09475555102922,85.67614186862887,86.63618312062715,39.35525209603493,10.118425691795968,84.14575656790436,32.375671802724604,37.22037196632765,71.97967129262142,34.74468353353893
56.65549663485312,68.79107181967034,72.22768813702504,81.00069020172276,51.45317611202975,58.14188006016438,78.13585917227337,60.15774104195784,54.0053275777992,86.89760849343783,55.36848551392787,5.819914205088495,0.0,74.68186237300972,75.6967199964897,105.85783424739436,64.98232372165329,30.7241562652923,77.78911037462241,65.51938467475837,71.65096572407903,23.241623159895628,73.51058483878789,37.85392696056642,82.19087213481852,22.424960162689068,50.34759431036017,60.94144556589648,75.24383819048519,25.96136774958039,42.690243459723966,35.74139504120439,50.758188704274666,98.46159709138621,39.202750031682655,27.87663520100545,66.1708231772988,44.727254469178206,78.04151462675836,79.9555981467996,41.07997582754212,80.02829907861872,80.90103173308857,37.93090464821512,6.631202085737204,80.84789073323549,27.949482517916902,31.608609569548907,66.40755400161554,29.644452208601134
63.62040646859313,72.61849615788407,53.77353016983356,6.539732812977509,64.91698630503521,19.585684703829408,42.69330122202111,31.692013362174833,24.437473924233924,14.730749121848113,24.202082913393603,79.99602294019846,74.68186237300972,0.0,13.924696897297336,36.211561495611626,21.614133777134494,68.32561923350481,29.24022887271698,55.18159913284445,18.72699099884505,67.11830447146335,39.925663951310426,59.436956133051304,26.98609170141985,54.46810915349963,24.77966331902991,65.34968464398835,77.09428282138222,76.21675121104485,32.599840945406534,58.90299818409304,69.62472059126495,24.01681045297274,37.27317557087287,77.85997090086869,25.705982238187143,64.10912671579295,29.639001654916374,25.96093077816214,64.05123017361147,52.41830962798219,47.27778829446625,61.43989371384393,75.71073931971611,43.54589231231895,49.17010927617974,55.224489644374685,51.65468677916378,45.34663190020796
53.9523424823624,84.34603549364749,66.6520061482641,13.83033111090859,74.85836946445457,28.719866136847852,56.354278621066115,22.34076428056159,21.7309425140114,13.056077314043142,33.40059362670241,81.34762111396537,75.6967199964897,13.924696897297336,0.0,46.13595957828622,33.92876182839744,74.90329519547608,15.376040250761365,67.30743377786625,6.4565112402194735,63.95607690645943,53.321115972529654,53.54601365010995,40.87196664770411,53.85803562400215,26.22111256897082,76.53209849905294,89.23943567822721,81.73976827800348,33.27267541415809,66.36420254247702,79.27351887778158,26.003989303892528,36.522652427640026,83.60711139938462,14.886509656761186,73.07442012823893,43.5139679231406,39.88436978498636,72.43675462298121,38.98114504107351,33.6062340699927,69.32313476184554,75.50389756854258,57.3280606727068,53.30732866696396,51.28642498931219,39.99959492959973,48.143631313068184
99.44497689775822,79.60448425298006,57.58884027725131,32.656331899533875,79.84766242290273,47.86551804061704,42.56025655265386,67.38447700720171,60.4161312722469,35.14593789753243,50.51199939036199,110.57012521445833,105.85783424739436,36.211561495611626,46.13595957828622,0.0,41.292774189155324,91.39726070426387,59.87161679404511,63.11468330492342,52.46657537761803,102.01528819132392,43.88507592168311,95.48549190809365,26.372363202487488,88.03969655468546,59.22762220109572,75.75122063969447,81.40693161667532,100.70280814274992,66.67108721020122,81.13060643502962,84.87484782933679,26.199231907580447,71.84125500237074,101.80553351427997,60.604947417105386,82.02727008066603,32.28786570110067,28.259856301171222,83.49426794500124,83.78095282581745,77.88550257043408,82.41145616098329,108.12479034663534,41.11338589092444,78.22178998011053,90.7197431864803,86.1354333733679,76.39934533999147
71.70749514445248,51.00436346444075,32.755627436878136,26.949161662630175,44.13853104130284,10.003170958699831,24.218580386205346,43.24025009175438,30.421467317014976,35.882990914908035,10.08611468297661,69.48619230011666,64.98232372165329,21.614133777134494,33.92876182839744,41.292774189155324,0.0,51.11988979202482,47.95224036148399,33.60592741063544,36.454940252050505,64.40555532932568,20.291061183131255,61.734940213345865,17.658514326713203,49.149567233420946,24.918817977871093,43.838535011862575,55.54507808669006,60.051034365547515,30.198204213495103,41.006347647744455,49.01837526560024,41.954014785103574,35.54409861383514,61.34210640384065,40.33420285277985,44.24269942898832,15.226362016220573,15.44030957375529,44.811368433092326,68.66360061886444,64.46035719497908,42.88739910717118,67.78283184777443,25.933143136671273,37.1154563556527,54.96364155171051,64.09676769700928,36.07722673360163
77.49202937161188,38.324944419000325,45.65095514808013,74.7962668230675,21.395705790349393,48.80060105645166,55.32864168641399,67.76138562500624,56.286764162404694,82.75823669629877,44.38200872113985,31.15625227897528,30.7241562652923,68.32561923350481,74.90329519547608,91.39726070426387,51.11988979202482,0.0,82.72236529420748,38.25400106542823,73.2546014053872,48.716255365421084,51.427931647837646,58.967113783586335,65.29973718157017,37.34267482411388,49.4875603623165,31.083546405517826,44.66538220150091,9.723874216104589,44.49429790619644,10.269702724311466,20.08330820884581,91.7322872875437,44.63808898518867,10.452983299765634,71.01260649599759,14.80994553292952,59.847027927036535,63.26085670839155,11.278254953953276,93.11984869570469,91.98461892107433,9.767558687127158,37.105122505527724,57.97098106361689,23.496672212888377,50.38421954033076,81.59471671534064,30.082223157331573
44.14744907304638,97.0180636632402,80.62162091715875,28.769224041428007,85.91874231974563,41.08374411081901,71.19572206540295,17.83812660606185,26.43735506955782,24.806733713190074,45.40687582943781,83.6017672244339,77.78911037462241,29.24022887271698,15.376040250761365,59.87161679404511,47.95224036148399,82.72236529420748,0.0,80.54499258341758,11.509467427557318,61.92517717444599,67.89749794913179,48.85239609697023,56.222141928024286,55.364753414928686,33.47384820858593,88.75424954278525,102.29698484670128,88.3201016115887,38.43752317038787,75.29301057731425,89.97446160396271,36.437181388209204,39.73900251227169,90.3655862667288,11.918078479871847,83.24288422695446,58.66660058764911,55.18335522406975,82.06868450462756,24.012211886606273,18.366355588599106,78.56074039573942,76.277148521561,72.31591508159035,59.694134206482225,49.19167348681806,27.94764071679471,53.61144620669608
94.92250329797817,17.68126363414313,7.545618161674273,60.14836656877652,19.09113582537383,39.50457568837032,20.96041487916651,72.25329440315242,58.415582616496934,69.1139026308879,35.45047795833185,67.66286404668872,65.51938467475837,55.18159913284445,67.30743377786625,63.11468330492342,33.60592741063544,38.25400106542823,80.54499258341758,0.0,69.09202218427494,76.01990346055474,19.288954757229202,80.00543584003374,37.80701572941318,60.5568174686558,50.99186353223657,12.688400029109994,21.948581795868808,47.6864398368135,51.78969010646156,30.06004212205761,23.59446919387277,73.2047061571492,55.67547442098706,47.74526722093373,71.3865335302037,24.11128454071475,31.74532047319508,36.57261820347633,27.192788489189446,99.09316181765007,95.68662113885192,28.753909207709395,70.8756870205272,23.038310646951825,42.38728939372214,71.46637675152984,91.83365507200183,46.55303060467971
47.49682599112275,85.68463057943441,69.11217733494577,19.935741759138086,75.04993346582764,29.696664758896333,59.85398909768093,16.01559857987767,17.894773712977727,19.34662941339915,34.117499146139494,77.38165103760058,71.65096572407903,18.72699099884505,6.4565112402194735,52.46657537761803,36.454940252050505,73.2546014053872,11.509467427557318,69.09202218427494,0.0,58.62627106512696,56.464995589437216,47.591509709729856,45.54178882181294,49.477259605186894,23.802834123528463,77.52461749344093,90.88715609386686,79.51867775394561,30.008478868368684,65.2653154811052,79.24564552908745,32.26159430445844,32.52363449844272,81.47463462250147,8.451632957044561,72.70675171062344,47.580811704277316,44.34464370939933,71.75270428997388,33.714703664571516,28.728977177525408,68.40585186473383,71.02155410181584,61.0551493557561,50.852234940645495,45.85481435279839,33.70822768840848,45.22714686271906
33.657109104032266,83.74050003336714,81.47643140461604,72.66576158842645,66.44146586005179,55.324520376971286,83.31070727129836,44.2422724248457,43.145482252377185,76.54827175343003,54.35605960218365,28.090351746710965,23.241623159895628,67.11830447146335,63.95607690645943,102.01528819132392,64.40555532932568,48.716255365421084,61.92517717444599,76.01990346055474,58.62627106512696,0.0,78.46303016654349,15.547870442731238,81.98597984824187,15.892583270491421,42.81407908930717,74.97071373907315,90.37759537723143,47.03060963378346,35.379193550842594,49.6567268639111,67.22202441587251,89.16971497752935,30.175052986773917,49.190162647480506,51.47006068383115,60.10776972236742,79.28842081698082,79.79872088008196,56.74172854455857,59.31192090011384,61.16569037794065,52.82903977891596,18.13592206276961,85.86697836965486,33.63335027809211,12.822013918360327,45.24480332934235,30.327383172424682
90.57842899871714,36.40199818840563,14.852349754808518,43.81537907593429,36.454154706270366,29.41337730442549,4.848123654762478,63.355326152526494,50.152439519109336,52.59070496622166,27.154838246175242,76.90009279862515,73.51058483878789,39.925663951310426,53.321115972529654,43.88507592168311,20.291061183131255,51.427931647837646,67.89749794913179,19.288954757229202,56.464995589437216,78.46303016654349,0.0,78.6541096397607,18.665048007703852,62.58709318795095,43.832791242717946,31.87384980264403,39.34093850698317,61.143756434920704,47.478641177585494,41.530842340360344,41.40582843634197,55.0147287887281,52.44658734356027,61.75933785282242,60.62435214575012,39.62955669442687,12.72743559292482,17.661371003941927,41.777782908292274,88.95412654101192,84.70745554123533,41.741658129713464,77.74015554832353,7.450486060130458,46.533030001925646,70.97620344096521,84.09810549384034,48.232255236181835
19.06307877727609,90.41254308382057,84.38683079418448,64.17446605822023,73.8246591276935,51.87547722504219,83.42491206092676,31.977492308393927,35.07003107326096,66.55428301580207,52.264006267726025,43.11703340644959,37.85392696056642,59.436956133051304,53.54601365010995,95.48549190809365,61.734940213345865,58.967113783586335,48.85239609697023,80.00543584003374,47.591509709729856,15.547870442731238,78.6541096397607,0.0,78.55804606131916,21.715973400246494,37.431535177549236,81.33875798717101,96.98159185620187,59.23363029773089,31.58026007895911,57.48670154273067,75.5333007902654,79.47079503327811,26.337169877997148,61.47246491775228,39.63808122166632,68.07605689696457,76.96100097820906,76.50375498691473,65.08492411534239,43.87671406767042,46.0343176296392,60.97774065059131,33.43743677745072,85.7685818500031,39.191924398044435,8.839210160468074,29.76012691973256,33.74242448910535
86.90112113605613,55.06664150153032,33.37368586332448,28.76141214255119,53.63178075898423,26.85236266593785,19.000359572389446,56.37160694994003,45.25219870629762,36.74343193988462,27.742132006968617,86.47187231131201,82.19087213481852,26.98609170141985,40.87196664770411,26.372363202487488,17.658514326713203,65.29973718157017,56.222141928024286,37.80701572941318,45.54178882181294,81.98597984824187,18.665048007703852,78.55804606131916,0.0,66.80334109536767,41.176660110676146,50.19658288143415,57.86493012765958,74.73797456306966,47.318120321584026,55.03421786677553,58.671530179376234,37.00794795493072,52.70600075077302,75.74212225881058,51.674586671431875,55.65708123080767,6.097467681642653,2.240647842655811,57.13905992297565,79.23967622050075,74.22336555345544,56.156455914492504,85.25242158481093,18.736648691925275,54.24170820937369,72.19842232364948,77.16849032153054,53.651923589689645
40.170276084944305,69.43325091578212,65.78023617318208,60.48837221906857,52.50427060647493,40.5302400820606,67.43388151731088,37.77021656410355,32.14224717767884,65.60164129339044,39.063457427933116,28.23711237957172,22.424960162689068,54.46810915349963,53.85803562400215,88.03969655468546,49.149567233420946,37.34267482411388,55.364753414928686,60.5568174686558,49.477259605186894,15.892583270491421,62.58709318795095,21.715973400246494,66.80334109536767,0.0,29.688663903548164,60.4648182540078,76.05231755916395,38.469567290672046,21.870109826771618,35.95070920407869,53.961259562458565,77.66570803277958,17.48395060731387,40.72156595548195,43.7619882162845,46.55779216512069,63.79900314014797,64.5895141490616,43.47319505481262,59.073128160738264,59.32166056988841,39.38776252549268,21.651724610013105,69.99975476084546,18.346445481379337,13.042520005368027,46.13876480744729,14.44264583131641
46.88816212880144,65.8937760064781,53.074797921523505,30.8508870200151,53.13424345214597,14.918097672157545,48.302430015559395,21.389471023828687,7.6606659842981255,36.59026800548153,16.73891730363988,55.83338862946865,50.34759431036017,24.77966331902991,26.22111256897082,59.22762220109572,24.918817977871093,49.4875603623165,33.47384820858593,50.99186353223657,23.802834123528463,42.81407908930717,43.832791242717946,37.431535177549236,41.176660110676146,29.688663903548164,0.0,57.13133374167282,71.73738894446863,55.76248070132259,7.82516941978285,41.81934853081408,56.91602478565237,48.184601177839085,12.659173926374827,57.69676200326755,22.195625183404083,49.97668401060723,39.99290136018666,39.16011654487899,48.650519366500994,48.39574619483806,45.571338760481304,45.095633781953374,51.0169909478772,50.33655438979941,27.16226608148948,31.654859038984508,40.99925971024789,21.945688809073985
97.78604901502958,9.128962451090459,19.366638107242984,70.7759168935869,9.691075461031561,47.928922316945865,33.63347611835658,78.47622417158959,64.77936153047551,79.72005541654117,43.41036114688077,62.070882983836114,60.94144556589648,65.34968464398835,76.53209849905294,75.75122063969447,43.838535011862575,31.083546405517826,88.75424954278525,12.688400029109994,77.52461749344093,74.97071373907315,31.87384980264403,81.33875798717101,50.19658288143415,60.4648182540078,57.13133374167282,0.0,15.643421559681075,39.58017762112967,56.2591195783148,25.65081754306464,12.583177808215956,84.77746688505106,59.25193110205206,39.14450446472786,78.70966788970874,16.337961143828558,44.103717708251914,48.83451685774137,19.976466577081517,105.49158615584554,102.65072157528577,23.041470869483025,66.9150467763213,35.64414029165561,42.23433302632172,72.53975402797674,96.88198401809838,47.68884379082992
113.36387752610116,6.6375818241664595,24.5050513483501,81.9361079185776,24.0664390981473,61.21324136709935,39.2075220269561,93.12570678743973,79.3216282632935,90.88724329337722,56.97407830480666,75.7871361571638,75.24383819048519,77.09428282138222,89.23943567822721,81.40693161667532,55.54507808669006,44.66538220150091,102.29698484670128,21.948581795868808,90.88715609386686,90.37759537723143,39.34093850698317,96.98159185620187,57.86493012765958,76.05231755916395,71.73738894446863,15.643421559681075,0.0,51.9819369551632,71.44046953148596,40.78828461323491,24.60631028366197,94.30271623478377,74.65423769112422,51.07724469479464,92.80477439457731,30.683906171538464,52.051463277858275,56.99306870313047,34.28054488512083,120.11494952989067,116.98886344184106,37.84502267490035,81.44240134328169,40.34485669439896,57.86103506806334,88.18049057223678,112.00930070266091,63.32674044667822
78.21097236391971,45.97230021580305,55.146560226553206,82.74021804607895,29.971534491489205,56.90802266823836,65.0521342286935,72.40883534815399,62.014235895498935,90.39139116206896,52.69231316343936,24.747647056998318,25.96136774958039,76.21675121104485,81.73976827800348,100.70280814274992,60.051034365547515,9.723874216104589,88.3201016115887,47.6864398368135,79.51867775394561,47.03060963378346,61.143756434920704,59.23363029773089,74.73797456306966,38.469567290672046,55.76248070132259,39.58017762112967,51.9819369551632,0.0,49.89191184025523,19.788948898542483,27.623409476363697,99.92611910584986,49.07543314834616,2.2524740479832923,76.4463703186686,23.769642958872495,69.37511231544958,72.6679251280842,20.49896211377683,96.6107031190004,96.05213438171943,19.478850878371077,32.59255624279353,67.69303610540202,28.691087881728166,51.158709708957346,84.29490077864848,34.7383428779809
43.537497793815355,65.2765280323115,54.90948497179304,38.669172414700554,51.05675377030649,20.473198326387312,52.170967433855495,23.529071702822,12.188630791574944,44.210635182575416,20.70741801715824,48.24207525361936,42.690243459723966,32.599840945406534,33.27267541415809,66.67108721020122,30.198204213495103,44.49429790619644,38.43752317038787,51.78969010646156,30.008478868368684,35.379193550842594,47.478641177585494,31.58026007895911,47.318120321584026,21.870109826771618,7.82516941978285,56.2591195783148,71.44046953148596,49.89191184025523,0.0,37.92414605577119,54.34009998180332,55.96522964725638,5.389169184072603,51.92926896796876,26.6002424635381,47.05952787276667,45.419587095353855,45.20355273484067,45.23923128611291,50.00076348585986,48.06603643336341,41.403172887875265,43.20875216442126,54.42411864021627,21.26205697572442,24.882516771195228,40.62319042884602,15.268745591968305
75.12065005634183,34.16236823184974,37.125835619059444,65.30497854706155,16.785464406581923,39.31737934225835,45.60442406177263,61.45277075589469,49.05624667013346,73.48740354445845,34.75919582675882,37.61335227652098,35.74139504120439,58.90299818409304,66.36420254247702,81.13060643502962,41.006347647744455,10.269702724311466,75.29301057731425,30.06004212205761,65.2653154811052,49.6567268639111,41.530842340360344,57.48670154273067,55.03421786677553,35.95070920407869,41.81934853081408,25.65081754306464,40.78828461323491,19.788948898542483,37.92414605577119,0.0,18.048973956192913,82.01212688952147,39.138759280656174,20.708231268686927,63.86066508787381,10.60709298601592,49.60755549574273,52.99199972042351,7.713049554258092,87.68314414012015,85.98005810219752,3.6051215360749493,41.463950493942676,48.282776081037795,18.786333674539158,48.65952848226547,77.09382345084133,25.241940247764724
93.10851126955609,18.389546645684923,30.97091852703948,75.58293485160983,5.043088701924878,50.72184272273406,44.04812975980066,77.62285116692145,64.49049432257289,84.32609124011898,45.978860461516255,51.18120467795953,50.758188704274666,69.62472059126495,79.27351887778158,84.87484782933679,49.01837526560024,20.08330820884581,89.97446160396271,23.59446919387277,79.24564552908745,67.22202441587251,41.40582843634197,75.5333007902654,58.671530179376234,53.961259562458565,56.91602478565237,12.583177808215956,24.60631028366197,27.623409476363697,54.34009998180332,18.048973956192913,0.0,90.93167015742797,56.28836489749802,26.953209444563104,79.0855490824352,7.526874682166273,52.63610400716076,57.018291583489805,10.51802129872175,104.33766371661724,102.1753822132964,14.573845598177442,57.054264913980994,46.34411905564008,36.70241195351683,66.70786043091779,94.4006516647864,42.980301783906256
79.35834465653954,90.86099115868834,69.86153315204085,17.53141114040965,86.01043153335227,43.020431523257066,55.97869440236531,48.27577720515852,46.07514432063324,12.947913289007909,47.35092806169643,103.8546764538386,98.46159709138621,24.01681045297274,26.003989303892528,26.199231907580447,41.954014785103574,91.7322872875437,36.437181388209204,73.2047061571492,32.26159430445844,89.16971497752935,55.0147287887281,79.47079503327811,37.00794795493072,77.66570803277958,48.184601177839085,84.77746688505106,94.30271623478377,99.92611910584986,55.96522964725638,82.01212688952147,90.93167015742797,0.0,60.21537876997809,101.4969141268248,40.66962054449318,86.15124845359408,42.420981188685445,37.501524382996706,86.53446759523875,59.50885856775689,53.43089818405263,84.28426607660326,99.16474894964897,55.70976244760777,73.18101190801747,76.71542027095136,64.15631864861263,69.30237559251671
39.26204902037283,68.34814002624792,59.22210364243353,43.141602574616826,53.37115580865431,25.858351793771124,57.18286110303282,23.33608506730525,14.805212178058298,48.11920632234388,25.936267712824865,44.89582176174123,39.202750031682655,37.27317557087287,36.522652427640026,71.84125500237074,35.54409861383514,44.63808898518867,39.73900251227169,55.67547442098706,32.52363449844272,30.175052986773917,52.44658734356027,26.337169877997148,52.70600075077302,17.48395060731387,12.659173926374827,59.25193110205206,74.65423769112422,49.07543314834616,5.389169184072603,39.138759280656174,56.28836489749802,60.21537876997809,0.0,51.20272495185673,27.83262213209347,48.85566631940421,50.75595530626088,50.58904074886455,46.70035551962824,48.636929138225035,47.347593819328914,42.71107914645333,39.1049267853474,59.48691259686071,21.14903204023887,19.49349743218111,38.11301065839598,14.5691609991655
80.45542211948845,45.19465900339284,55.2478815786082,84.37334434203164,29.63771990536693,58.47897323126586,65.566683318978,74.5387033585585,64.02767059216038,92.10416835049372,54.20038432053553,26.36392084374752,27.87663520100545,77.85997090086869,83.60711139938462,101.80553351427997,61.34210640384065,10.452983299765634,90.3655862667288,47.74526722093373,81.47463462250147,49.190162647480506,61.75933785282242,61.47246491775228,75.74212225881058,40.72156595548195,57.69676200326755,39.14450446472786,51.07724469479464,2.2524740479832923,51.92926896796876,20.708231268686927,26.953209444563104,101.4969141268248,51.20272495185673,0.0,78.50407599532058,23.677566502890972,70.29990665856704,73.69606264396569,20.589465888865238,98.82238733952607,98.23272065057431,20.017752807760175,34.503157286801894,68.18487278727183,30.694097321801262,53.40881663019572,86.5327683284669,36.81916124012706
39.08680917081582,87.24247279686652,72.26201661387165,27.955098163968156,75.22118601081351,32.08084799657065,64.4047075170499,7.714428062467997,14.806977422502756,27.78073952861031,35.93609643543581,71.96965442414336,66.1708231772988,25.705982238187143,14.886509656761186,60.604947417105386,40.33420285277985,71.01260649599759,11.918078479871847,71.3865335302037,8.451632957044561,51.47006068383115,60.62435214575012,39.63808122166632,51.674586671431875,43.7619882162845,22.195625183404083,78.70966788970874,92.80477439457731,76.4463703186686,26.6002424635381,63.86066508787381,79.0855490824352,40.66962054449318,27.83262213209347,78.50407599532058,0.0,72.17226081421578,52.980746185592295,50.25235311281601,70.81243482745545,28.32994822263756,24.34486170218059,67.19917499895301,64.9495973617939,65.87131703791908,47.86094812826283,38.648142231528226,25.954237892885715,41.72038843958322
85.58855836996324,24.135656692685156,31.64175776130067,70.25216801488216,6.727702365139214,44.8323865537606,42.94356689465961,70.44461361849677,57.484815022806806,78.83956925409831,40.09028114222226,45.73467249327723,44.727254469178206,64.10912671579295,73.07442012823893,82.02727008066603,44.24269942898832,14.80994553292952,83.24288422695446,24.11128454071475,72.70675171062344,60.10776972236742,39.62955669442687,68.07605689696457,55.65708123080767,46.55779216512069,49.97668401060723,16.337961143828558,30.683906171538464,23.769642958872495,47.05952787276667,10.60709298601592,7.526874682166273,86.15124845359408,48.85566631940421,23.677566502890972,72.17226081421578,0.0,49.78218037126411,53.83211609930884,3.6520035769849786,97.05437618894229,95.01423932232458,7.2787444993514026,50.820888638041666,45.44980433937648,29.179340466225263,59.244262470463376,86.9586425828089,35.456708200260856
86.53684550198197,49.08405269077307,27.547901960332606,32.49223821684476,47.600098965483,25.149918893270396,13.75431265370521,56.97330438226349,44.94291940968282,40.95023723330367,25.01259692847491,82.10709681713098,78.04151462675836,29.639001654916374,43.5139679231406,32.28786570110067,15.226362016220573,59.847027927036535,58.66660058764911,31.74532047319508,47.580811704277316,79.28842081698082,12.72743559292482,76.96100097820906,6.097467681642653,63.79900314014797,39.99290136018666,44.103717708251914,52.051463277858275,69.37511231544958,45.419587095353855,49.60755549574273,52.63610400716076,42.420981188685445,50.75595530626088,70.29990665856704,52.980746185592295,49.78218037126411,0.0,4.943377415766657,51.376650480889026,81.02644772381498,76.2872540125969,50.55957751985622,81.43016377680816,14.083938851188437,50.1506632534333,70.14113574305989,77.90229563239097,50.17045030895471
85.07797158580945,53.97992175023405,32.49036555637906,28.21111229864502,51.97540962481308,24.730698146797014,18.548127866557348,54.75787146411893,43.40756699435136,36.45316062745136,25.5261915740128,84.24644136096464,79.9555981467996,25.96093077816214,39.88436978498636,28.259856301171222,15.44030957375529,63.26085670839155,55.18335522406975,36.57261820347633,44.34464370939933,79.79872088008196,17.661371003941927,76.50375498691473,2.240647842655811,64.5895141490616,39.16011654487899,48.83451685774137,56.99306870313047,72.6679251280842,45.20355273484067,52.99199972042351,57.018291583489805,37.501524382996706,50.58904074886455,73.69606264396569,50.25235311281601,53.83211609930884,4.943377415766657,0.0,55.238837124071,77.9920811667099,73.06512813300951,54.17590460788088,83.01177817403244,18.6067807304664,52.006836382758316,70.07759209785601,75.60682131837102,51.414500562337466
82.81471632096043,27.7545813514711,34.672751947502164,70.3071942248703,10.37901994567473,44.58320514593134,45.323292711794025,68.7336722740119,56.046186902462054,78.75734393156333,39.88063353417444,42.09475555102922,41.07997582754212,64.05123017361147,72.43675462298121,83.49426794500124,44.811368433092326,11.278254953953276,82.06868450462756,27.192788489189446,71.75270428997388,56.74172854455857,41.777782908292274,65.08492411534239,57.13905992297565,43.47319505481262,48.650519366500994,19.976466577081517,34.28054488512083,20.49896211377683,45.23923128611291,7.713049554258092,10.51802129872175,86.53446759523875,46.70035551962824,20.589465888865238,70.81243482745545,3.6520035769849786,51.376650480889026,55.238837124071,0.0,95.14227453554746,93.29603833110222,4.127425474170721,47.189984551992744,47.888647989420136,26.49932470370431,56.27053882296296,84.72389759204891,32.93712653948148
30.340716114224048,114.2880381512469,100.38175293798548,52.66947526222651,100.95890796537488,60.20507610073911,92.71531783897693,27.016987740371384,40.793321304320706,48.63961868955567,63.78300994147958,85.67614186862887,80.02829907861872,52.41830962798219,38.98114504107351,83.78095282581745,68.66360061886444,93.11984869570469,24.012211886606273,99.09316181765007,33.714703664571516,59.31192090011384,88.95412654101192,43.87671406767042,79.23967622050075,59.073128160738264,48.39574619483806,105.49158615584554,120.11494952989067,96.6107031190004,50.00076348585986,87.68314414012015,104.33766371661724,59.50885856775689,48.636929138225035,98.82238733952607,28.32994822263756,97.05437618894229,81.02644772381498,77.9920811667099,95.14227453554746,0.0,6.136743940642095,91.22444126277789,76.61898086895924,94.13869902739967,69.71803656039609,48.459934351998506,14.155113626401171,63.079146445765964
34.46546531370032,111.31448199755596,96.59625607750745,47.13410128574223,98.59165926306784,56.42462580452039,88.31387581745635,24.571546522965352,37.910710057552095,42.74202271306044,60.24623632608246,86.63618312062715,80.90103173308857,47.27778829446625,33.6062340699927,77.88550257043408,64.46035719497908,91.98461892107433,18.366355588599106,95.68662113885192,28.728977177525408,61.16569037794065,84.70745554123533,46.0343176296392,74.22336555345544,59.32166056988841,45.571338760481304,102.65072157528577,116.98886344184106,96.05213438171943,48.06603643336341,85.98005810219752,102.1753822132964,53.43089818405263,47.347593819328914,98.23272065057431,24.34486170218059,95.01423932232458,76.2872540125969,73.06512813300951,93.29603833110222,6.136743940642095,0.0,89.46865585350815,77.9369124893695,89.62856459621806,68.49043971848941,49.63255739587354,17.276065769927623,61.913148131012456
78.68729129554237,31.253660325898185,36.05606414787548,67.78184182652467,13.77993291510675,41.87773562273097,45.58405831002326,64.92470718304284,52.405239978643415,76.09197728828687,37.24010213706853,39.35525209603493,37.93090464821512,61.43989371384393,69.32313476184554,82.41145616098329,42.88739910717118,9.767558687127158,78.56074039573942,28.753909207709395,68.40585186473383,52.82903977891596,41.741658129713464,60.97774065059131,56.156455914492504,39.38776252549268,45.095633781953374,23.041470869483025,37.84502267490035,19.478850878371077,41.403172887875265,3.6051215360749493,14.573845598177442,84.28426607660326,42.71107914645333,20.017752807760175,67.19917499895301,7.2787444993514026,50.55957751985622,54.17590460788088,4.127425474170721,91.22444126277789,89.46865585350815,0.0,43.87388825404888,48.218671089010996,22.38375125167586,52.15917358283545,80.68848601639878,28.84705686920717
