0.0,67.77433826216831,66.73148561287535,56.71023257788661,39.247472193506596,26.86631985691031,88.88058613803186,24.04843819752912,62.095940357911296,68.88085781727726,55.54920576465355,66.10791130463987,59.16398158468041,31.309323270277073,9.26010071279157,50.78116368607819,52.90921466022502,80.4549627947203,50.2451191973537,48.522238089763,37.162252527623956,55.506153548789214,56.35575093575693,85.96438801296459,29.420585278456148,14.84126113145702,67.08072446725807,29.575030068016268,23.964955281550754,35.78609757249558,33.94445593340333,66.4962416386405,16.312607068311745,50.68870747814336,62.391186786830175,42.89542816974536,44.256197225368766,84.69590352344373,68.02500076597066,26.092730655399777,88.0876914743987,62.54781683099812,41.8749734104843,74.4068153226749,80.2322501756357,43.234623654844704,59.2881507271829,80.58580747772174,79.53623282382995,18.776459649065835,17.99344874371871,75.86447215255426,66.7166466930587,56.02120525768198
67.77433826216831,0.0,32.437588614456395,41.781918899380344,40.36190908739786,75.10950225328769,48.962946690726845,77.69002600034554,15.34237976644149,56.01107591210335,46.16560787558752,9.600301886015826,92.55340772125348,87.93099270847964,58.739706519737645,57.58614457230166,91.91520000743847,48.11274941145567,21.446504796184506,27.021721273965344,51.12449077330486,94.76989617971006,28.912229748090713,64.90813102573483,60.48118102252444,59.76676573273907,23.00065631454096,53.69527147302186,64.26148336461605,42.77062606084245,78.78554907810992,78.8321583513475,81.028976471696,20.437330993952088,101.28664553302309,47.81203491421738,46.955616063885515,25.01734311551157,37.500772807878214,46.95916121646158,65.58376633116127,76.8971021379807,37.630719220478554,50.078117396660616,14.008154321805568,95.99088061996807,87.97909267355855,27.02743266171883,40.49329674504593,76.4790791553015,77.17712165070674,21.60021171475323,61.30735810239979,101.15634687949114
66.73148561287535,32.437588614456395,0.0,14.698795404235184,27.74410500533083,61.54616237399945,23.215262965102117,65.8434156128608,17.73584928440477,24.210935480371223,19.12817660259368,22.843397455636065,68.38524570790918,75.02038460969571,57.89238702420833,32.398758086887916,70.02318694086189,17.689043347755643,42.94788056239855,48.8365878927948,68.1049326154455,72.51273355441505,55.43240536152756,32.8810513220036,73.4206795307484,65.74304725744605,9.648645121450844,40.82685728303055,74.44465035454627,58.71665170742388,90.08831202004988,49.91008386964264,82.77585673547235,41.90194251189801,77.96933555791504,28.403579605211494,67.32899241599651,56.642966464763674,5.06338524824512,40.66248855610507,33.827684677689795,48.89528540536596,56.666386592535424,17.721669592143165,32.05490951453108,79.58124744920666,62.84543877941775,18.311261990502153,13.258196672180123,67.04758258993465,68.29831641900518,17.28731438255401,30.40009898224045,80.40336451854685
56.71023257788661,41.781918899380344,14.698795404235184,0.0,18.099986592264024,47.83175085853946,32.72706351436985,52.423583897105765,26.553943456353796,16.67256059683796,4.667591079464489,32.884858548258364,53.95408224439649,61.168368042634455,48.569236628651225,17.812160668604957,55.35404105093395,23.7935426579112,45.64558151445087,50.69092109192821,65.64027666107673,57.871979313777715,58.86130037139337,31.8039340329411,68.72243880024172,58.57369050944256,22.18157166181612,28.43804328578931,68.47002406233116,56.60513663806625,83.82891244571442,37.191674217002486,73.01806242137084,44.79217775704048,63.45300437014106,14.927175057353521,66.56810684873435,66.79218598195345,12.976829226412121,31.098325562667736,33.56505258858829,35.57738025891123,56.222499546957,18.01785307064347,44.907658347817836,65.1190301300345,48.574556675819984,32.99457989148536,24.38503147227241,54.230810202620745,55.59626621844647,31.40170384913802,20.113888947374736,65.70939424120455
39.247472193506596,40.36190908739786,27.74410500533083,18.099986592264024,0.0,36.12132314644585,49.64240191124797,39.674351806776045,28.326580878187695,33.07566286094927,18.367962804504398,34.22883422138452,52.97200129449419,49.52924729307962,30.73523556851742,21.7198028269063,51.69148542744129,41.44216874651193,35.24238572918895,38.81716190854923,49.29012669990345,54.58527048556453,48.00426429208404,49.447465439413214,51.17623899080055,40.490552976195545,29.9945994582618,14.267872445960505,50.53623459104382,40.775987187430964,65.7971059167541,44.15291138376612,55.465125558223114,34.720023858236246,61.277095764501524,9.555059434715362,51.389903200821074,64.06793049495518,28.777619554068547,13.21931811463649,51.33690578479543,41.16524240579426,41.740694068499096,36.117789652123584,48.72659513630012,56.25658545651016,49.00736212125378,43.433504441810115,40.3167464999932,40.033759035838706,41.15713011908788,39.672733664414544,33.74948523283739,60.795883392937306
26.86631985691031,75.10950225328769,61.54616237399945,47.83175085853946,36.12132314644585,0.0,79.90298708991044,5.337178453079566,64.37186692643508,54.13545973013049,44.660964900963336,70.06187536115155,32.32095854759158,13.516535884555617,27.386397721189272,34.442309162927,26.13457115103178,70.26046019827497,63.63178382420416,64.37252553631868,60.85781204856367,28.826730891843766,73.5524824953816,70.42230901705456,55.28219422642851,40.13854808847953,65.72415289429124,21.87441145303035,50.48022016529427,56.597836189711806,60.53972104371901,43.133587262074776,38.50413590088683,63.6187915574731,35.8709985694824,33.16925463968829,66.83494594274407,96.87651313249893,60.78110457474345,28.593357082842928,72.7056855764201,39.23112786101148,61.322972527725845,62.618278745464835,84.6828743831182,21.223687683886265,32.869318188331086,78.82304371713525,72.18475764741412,10.139988577168422,11.725497084351458,75.53352450821615,49.634863217811166,30.66836823111667
88.88058613803186,48.962946690726845,23.215262965102117,32.72706351436985,49.64240191124797,79.90298708991044,0.0,84.72490183822248,37.598467718180274,28.891204619213642,35.291806374888864,40.21464421596581,78.67754289700439,92.93417505951938,80.32296085202259,46.4815695507671,82.3578246551513,9.929306352471393,64.2943584318587,70.40038213522116,90.95535704511279,84.34848470369236,75.8346019510368,23.161664824070787,96.60463770103152,88.81652577420728,28.316187311969347,61.16335033123565,97.65231153364653,81.5585523539449,113.29314818098332,55.791737179659165,105.10656791960409,63.19120925779163,88.44871642777889,47.59951042453334,89.66269951269129,69.37697212286176,20.900736318830173,62.84790249843065,22.38703494465503,56.447429411122634,79.03579927501227,18.251929446800993,41.89468995341534,95.34190635282182,72.56169984037044,22.970979220386806,10.02356907276467,86.84450017331233,88.24098271500439,27.564592885062456,35.928575139900765,93.03443707539464
24.04843819752912,77.69002600034554,65.8434156128608,52.423583897105765,39.674351806776045,5.337178453079566,84.72490183822248,0.0,67.66027305910495,59.311457583544524,49.43737385883531,73.1506585347304,35.989207442703176,10.26511941878356,26.305339642852896,39.608990977011025,29.178933256179313,75.15400126277892,64.95953666653995,65.20229867374401,59.65963771384709,31.643177762517457,74.18533887339707,75.68412487048151,53.20384587865604,38.169758615293624,69.5589148737083,25.45075179487467,47.99388476913255,56.17436123463046,57.03877453462993,48.29354971648964,34.134056688366805,65.03683535832867,38.40639135777018,37.60542642420744,66.03149886289874,98.73079989367989,65.31564265860199,30.76301492933031,77.96416909196674,44.41366672843152,61.29903360578825,67.61422531761372,87.8160313099151,20.456089815384413,37.166505341648715,82.81755264668574,76.80799362204968,5.641030239446152,7.029488362400903,79.31041723633707,54.91895187052021,32.068095423996
62.095940357911296,15.34237976644149,17.73584928440477,26.553943456353796,28.326580878187695,64.37186692643508,37.598467718180274,67.66027305910495,0.0,40.74063113351023,31.027903229403993,6.446823612066621,78.59320711341556,77.68354164509508,52.83699068968733,42.96752081262885,78.612165963164,34.67295822055526,26.729562101669515,32.86738811713209,54.61600193556935,81.38187996691542,38.395666945539,50.607130218229365,61.83147809569892,57.29562663967419,9.341773263241123,42.501441694586,64.17065156268517,45.342606513719915,79.60382722086135,63.71412434879048,76.9996467095793,25.618839346284524,87.63167184104357,34.24013599144377,52.486357965247954,40.282620674945875,22.739964539329897,37.960338635223266,51.500648879779405,61.92872439662339,41.99187429250687,35.43928261549274,20.427062470693013,84.55857488318104,73.72667223618552,19.879685430685523,28.051807523667755,67.3785577213142,68.31785236303304,14.372533748200267,45.965012469799525,88.29362142806525
68.88085781727726,56.01107591210335,24.210935480371223,16.67256059683796,33.07566286094927,54.13545973013049,28.891204619213642,59.311457583544524,40.74063113351023,0.0,14.748297424279231,46.557628862526045,49.80791542809168,66.37016626875199,61.69475875543062,19.702504576333336,53.53969791618529,19.139752029513218,62.16802340409919,67.32021042326629,81.90501946360443,55.47807655537275,75.34658546125868,17.085819115804107,84.25035531908496,73.00382162422656,33.803675259943475,39.32276688483706,83.4086199539216,73.00590968536996,98.42150782771866,27.681676155810912,85.03496897858265,61.282854976280426,59.58841814023623,26.24591076027328,83.1268007041904,80.64783355445131,19.4564038094736,44.9244151818317,19.236613732343123,27.811704202363217,72.84466629050637,10.844139849610539,56.14172047352346,67.37598903470038,43.717922580379515,40.12796988514647,25.242395073417935,62.43949010007898,63.977774352965646,40.851525661798505,7.24552612702599,64.21035278907131
55.54920576465355,46.16560787558752,19.12817660259368,4.667591079464489,18.367962804504398,44.660964900963336,35.291806374888864,49.43737385883531,31.027903229403993,14.748297424279231,0.0,37.40194095844299,49.345516024329896,57.83028216048542,47.826944724921724,13.270898028199316,50.90793771359071,25.841453818744597,48.82859019966243,53.60869292595251,67.20593718924657,53.38547965745909,62.060466915614136,31.164993144723592,69.53729801221408,58.59498032725507,26.84757589310711,26.48321608135412,68.83917091391864,58.375483785716156,83.9854771016715,32.688752963296984,71.84403313513405,48.030597337993306,58.87856200504007,12.763010204559613,68.62878323901253,71.18261581045691,16.784649797729998,30.643378861497645,33.118793578363714,30.969924390689552,58.47753281328232,18.945899609756296,49.56937394011727,61.23177430778105,43.92872775383491,37.43622730343704,27.68693858331404,51.62417471129634,53.04975346760115,36.01746474589525,16.687992088054205,61.327609469390964
66.10791130463987,9.600301886015826,22.843397455636065,32.884858548258364,34.22883422138452,70.06187536115155,40.21464421596581,73.1506585347304,6.446823612066621,46.557628862526045,37.40194095844299,0.0,85.00934686773317,83.26157649240136,56.87001717411575,49.41422893764257,84.93634729456149,38.70132656250048,25.737402491546835,31.862262973996483,54.96935812434752,87.72168533772277,35.93630835855357,55.346600472075934,63.13213648689431,60.07584045214291,13.41605386955844,48.24589629153406,66.06876476472608,45.967759958196865,81.22416318213939,70.07208409984459,80.48178933669143,24.614960366920755,94.01384540035133,40.560669614302164,51.95219598526244,34.14631078734597,27.905764759805756,42.96264750507885,56.05986428414664,68.33488020920723,41.81610603385925,40.47868361368048,14.670810024612347,90.47438021053398,80.16579105366276,19.639298374685026,31.318331102623837,72.58053541449725,73.44586565198236,13.846964046449461,52.042890931016316,94.54258864572529
59.16398158468041,92.55340772125348,68.38524570790918,53.95408224439649,52.97200129449419,32.32095854759158,78.67754289700439,35.989207442703176,78.59320711341556,49.80791542809168,49.345516024329896,85.00934686773317,0.0,34.42773729879606,58.53201489353374,36.17316255582248,7.9866374545704195,68.94102401699202,87.27522005554695,89.68584215935837,91.23689654038623,7.567487226870675,99.13171371493506,61.01413027224688,86.9437978859603,71.86008221313821,76.01583308114462,42.86836996873282,82.52530665937005,85.5716997650536,92.83450327993113,24.499253442894016,70.03095238887786,86.93052793511336,9.789690732201798,44.74857414242051,96.35835621324973,116.88348379040133,65.30233166792621,52.98211588381984,63.169145935612285,22.615813758504647,89.20540901980304,60.602395893209696,98.34765262990825,26.815806884578215,6.203062765774279,86.61250546084422,74.30397386245774,41.62815326277033,42.98661623460743,85.35520683812946,42.76611443396678,16.185194224429104
31.309323270277073,87.93099270847964,75.02038460969571,61.168368042634455,49.52924729307962,13.516535884555617,92.93417505951938,10.26511941878356,77.68354164509508,66.37016626875199,57.83028216048542,83.26157649240136,34.42773729879606,0.0,35.39437811314776,46.87028524330878,26.646289513018612,83.19224288196148,75.09593368116334,75.15649418160599,68.14245296204028,28.406480696331233,84.02692256447193,82.10721997115996,60.6979380497905,46.063386049602386,79.22698169637017,35.26140527244516,54.980342826022486,65.39311400236787,62.00815490179152,51.49901654290248,37.48270568546071,75.19795603894448,34.164683028731176,46.62271524729209,74.86301072147904,108.96491628330088,74.13945960443375,41.02273398166815,84.40456642130334,47.86098080666273,70.7852451622746,75.36523071382008,97.91517000478737,12.038294787589304,37.26340343970756,92.3395792031714,85.45984077567181,13.197309807794689,13.498807591717158,89.02821631530983,61.273892406335676,26.06029372318142
9.26010071279157,58.739706519737645,57.89238702420833,48.569236628651225,30.73523556851742,27.386397721189272,80.32296085202259,26.305339642852896,52.83699068968733,61.69475875543062,47.826944724921724,56.87001717411575,58.53201489353374,35.39437811314776,0.0,44.60583123127445,53.183256945539746,72.15740238229064,41.9498916916418,40.845547648164285,33.49551087593216,55.98948894084482,49.23203129276426,78.70271492900677,28.454997215660242,13.568471103118876,57.921249669966926,23.004839797437207,24.638878039788924,30.001643292807636,37.781099800080966,62.40134151841396,24.885663580619404,42.301606083779596,63.12596527611939,35.45935212860597,39.726896179272934,76.46121606486787,59.42567439228712,17.52284967706578,80.76086847617385,58.53257799134943,35.470818968668404,66.47116775841133,71.04578883904736,46.67647891459411,57.685869790110715,71.39820444567677,70.83422416678123,22.197464067489733,22.06713027174266,66.63371701519736,60.20941680870791,57.953627351014646
50.78116368607819,57.58614457230166,32.398758086887916,17.812160668604957,21.7198028269063,34.442309162927,46.4815695507671,39.608990977011025,42.96752081262885,19.702504576333336,13.270898028199316,49.41422893764257,36.17316255582248,46.87028524330878,44.60583123127445,0.0,37.66140026339534,36.60213163276146,56.557974921386716,60.45360058589963,69.8438435716702,40.11826943259618,69.53196170160537,36.30014441989291,69.97707210542885,57.09923613481056,39.847709268451375,21.600995622573148,68.02772581640026,61.836198544600926,82.25609087224571,22.52754102181822,66.58747965982512,55.939247171341485,45.641638496276805,12.192699000743776,72.65317225208436,82.43843711467422,29.805141058489184,29.670098097927426,38.551742511055764,19.81582598516037,63.30670332842913,28.571316421913327,62.311201039621984,48.90211572732896,30.928338760348073,50.70479641176878,40.04435174922455,42.8190273577566,44.37498456174966,49.20438217276217,16.028728774720385,48.13110020498202
52.90921466022502,91.91520000743847,70.02318694086189,55.35404105093395,51.69148542744129,26.13457115103178,82.3578246551513,29.178933256179313,78.612165963164,53.53969791618529,50.90793771359071,84.93634729456149,7.9866374545704195,26.646289513018612,53.183256945539746,37.66140026339534,0.0,72.48104152257066,84.83114541260872,86.74322397249551,86.39461782776928,2.9774007834555776,96.16643381651318,66.15975599019455,81.35933410512453,66.21603687570607,76.97032225083369,40.062704750395774,76.61441299910463,81.31717024835012,86.21758155434884,30.455901272112847,62.89191216949048,84.58281923148253,10.158962952376488,44.37703483271186,91.92142022388654,115.7279459242874,67.41988390283194,49.75422836436271,68.38025190608559,27.86486612733514,85.38466868090873,64.11948944516533,98.75643525153845,18.896294985088602,12.563625239561473,88.33425678003721,77.16269088367133,34.79652935838896,36.05461059947185,86.56954848179086,46.81883856691999,10.676795031903232
80.4549627947203,48.11274941145567,17.689043347755643,23.7935426579112,41.44216874651193,70.26046019827497,9.929306352471393,75.15400126277892,34.67295822055526,19.139752029513218,25.841453818744597,38.70132656250048,68.94102401699202,83.19224288196148,72.15740238229064,36.60213163276146,72.48104152257066,0.0,60.5865053440023,66.5096528138366,85.5008850546712,74.50426098045817,72.90526585436854,17.61263186059379,90.23956802022416,81.43525853356506,25.50557645555748,52.10418746917816,90.76669758222393,76.13980904915378,106.33690778931893,46.45912903664663,96.75060828552178,59.529345553718734,78.72426609975508,38.413999689177594,84.96160064108368,70.68442100486931,13.759835814012138,54.635467877951534,17.80658086531223,46.88241198454435,74.30215902309686,8.364973354508477,43.82491384682133,85.43160714278177,62.857455774455,25.33317674702568,8.46769385827204,77.46273337276736,78.89110134167579,28.281671198763433,26.291599417717578,83.15760953824545
50.2451191973537,21.446504796184506,42.94788056239855,45.64558151445087,35.24238572918895,63.63178382420416,64.2943584318587,64.95953666653995,26.729562101669515,62.16802340409919,48.82859019966243,25.737402491546835,87.27522005554695,75.09593368116334,41.9498916916418,56.557974921386716,84.83114541260872,60.5865053440023,0.0,6.168592472200682,29.736521662475077,87.802856139008,13.232950823656035,75.09023627616374,39.108989356296355,39.97433596701738,35.97879895740067,44.7684536378897,43.19763884888709,21.351586317297137,57.41713354983535,79.08186465891073,61.706680496907005,1.126269561960879,94.83112125679716,44.6645634976308,26.217546356127922,34.51266381430692,47.46084101426889,35.43387158916634,76.32182052877253,76.27584263514947,16.298898582966476,59.73344700415413,35.45457986633462,84.82754896516616,83.82122498468571,45.326097943360665,54.60678472445564,62.474739954033346,62.816420113251525,39.521013221064216,65.49946026178218,92.70721624744111
48.522238089763,27.021721273965344,48.8365878927948,50.69092109192821,38.81716190854923,64.37252553631868,70.40038213522116,65.20229867374401,32.86738811713209,67.32021042326629,53.60869292595251,31.862262973996483,89.68584215935837,75.15649418160599,40.845547648164285,60.45360058589963,86.74322397249551,66.5096528138366,6.168592472200682,0.0,24.184283146522624,89.72058164196727,9.44634232422027,80.70125468132484,34.21100285345395,36.943641484840654,42.08572751760147,46.851234208956484,38.82638876749809,16.50571333634382,52.44277464268234,82.95108219363934,58.71069196985563,7.293575179232947,96.83782422467567,48.36179873056834,20.14323390939039,36.614220193727625,53.25083169261762,36.99357450311694,81.99387058087092,79.97910050751625,10.692224203515753,65.3783978741022,40.978659842795004,85.40474321609999,86.57137576187347,51.47203281368831,60.67275953382314,62.23934365619396,62.42308001081233,45.66745308495625,70.2930954933697,94.12394218930957
37.162252527623956,51.12449077330486,68.1049326154455,65.64027666107673,49.29012669990345,60.85781204856367,90.95535704511279,59.65963771384709,54.61600193556935,81.90501946360443,67.20593718924657,54.96935812434752,91.23689654038623,68.14245296204028,33.49551087593216,69.8438435716702,86.39461782776928,85.5008850546712,29.736521662475077,24.184283146522624,0.0,89.25525237770405,26.663490241551862,97.34069675332222,11.595628333354307,22.37352090448594,63.21168092002017,50.61338564380563,17.841855924234626,9.397447975954236,28.848644423304798,90.98151413498229,41.19292375311226,30.796442567254083,96.43562059868378,58.03754861150322,7.802832260105754,57.85234092048018,71.75591876081734,40.708490039536144,98.9767732514823,87.41868689372176,13.503403929950167,82.6261605398295,65.11777948097712,79.81421454961455,89.66893337865352,74.19112698560026,80.95659686861472,55.09888757017172,54.646275302574104,68.43261586281815,83.03960987279538,91.44876627704255
55.506153548789214,94.76989617971006,72.51273355441505,57.871979313777715,54.58527048556453,28.826730891843766,84.34848470369236,31.643177762517457,81.38187996691542,55.47807655537275,53.38547965745909,87.72168533772277,7.567487226870675,28.406480696331233,55.98948894084482,40.11826943259618,2.9774007834555776,74.50426098045817,87.802856139008,89.72058164196727,89.25525237770405,0.0,99.14360144958502,67.62282404666743,84.09789305971337,68.95278130926356,79.59479807797143,43.03472444422417,79.2812168700821,84.24213387036544,88.6550853394664,31.484909116272114,65.10443698906461,87.55194399832466,7.214087723787161,47.162501126032886,94.826801626241,118.63645015134011,69.80405592550792,52.7313406011617,69.8190561947596,29.18062919448319,88.33824061935705,66.1393252363301,101.48108891662932,19.63399521324299,13.174128357938885,90.82168638740724,79.37845685078753,37.22706559764143,38.43452601445618,89.15436569689676,48.64163124252064,8.982764263521752
56.35575093575693,28.912229748090713,55.43240536152756,58.86130037139337,48.00426429208404,73.5524824953816,75.8346019510368,74.18533887339707,38.395666945539,75.34658546125868,62.060466915614136,35.93630835855357,99.13171371493506,84.02692256447193,49.23203129276426,69.53196170160537,96.16643381651318,72.90526585436854,13.232950823656035,9.44634232422027,26.663490241551862,99.14360144958502,0.0,87.93356237756309,37.95307385227663,43.6661078040555,47.7336667091816,56.29660198251503,43.502235615253646,21.665387869572662,55.48627702817882,92.0560125957607,65.10703268575772,14.070100231428674,106.2680258587064,57.517022301310895,20.269669115560596,31.205823766578586,60.11610749573068,46.41234170593878,89.08493685912464,89.1576337570364,15.05849499665315,72.56262999882848,42.020007989025224,94.48755620606347,95.99602330115341,55.36358255977092,66.43725061570846,70.99758070626577,71.09270743199434,49.65625539217344,78.73240557491253,103.46178486161065
85.96438801296459,64.90813102573483,32.8810513220036,31.8039340329411,49.447465439413214,70.42230901705456,23.161664824070787,75.68412487048151,50.607130218229365,17.085819115804107,31.164993144723592,55.346600472075934,61.01413027224688,82.10721997115996,78.70271492900677,36.30014441989291,66.15975599019455,17.61263186059379,75.09023627616374,80.70125468132484,97.34069675332222,67.62282404666743,87.93356237756309,0.0,100.4756485943649,89.75628385480687,41.93501604857938,56.40858069111254,99.97781096595597,88.20757316242012,115.15041958855527,36.672620215298934,102.11987095191458,74.10227890028125,70.4700685113724,43.2451818197555,97.87256598481638,88.08978528761514,27.954828485086058,61.75192621735848,2.298080949938182,38.463656120905554,87.35266095135728,15.370940897352646,61.41069338184155,81.82734238030817,54.8216953736251,42.925276264851526,26.07182305780423,79.10226947665299,80.66562734927953,45.81059692674285,20.84394465913662,76.59203343105818
29.420585278456148,60.48118102252444,73.4206795307484,68.72243880024172,51.17623899080055,55.28219422642851,96.60463770103152,53.20384587865604,61.83147809569892,84.25035531908496,69.53729801221408,63.13213648689431,86.9437978859603,60.6979380497905,28.454997215660242,69.97707210542885,81.35933410512453,90.23956802022416,39.108989356296355,34.21100285345395,11.595628333354307,84.09789305971337,37.95307385227663,100.4756485943649,0.0,15.145111986260593,69.78309160185005,49.19671619246433,6.649191742331628,17.781381928186427,18.308927402324983,89.75801665314987,30.355381436712285,40.0724220446627,91.15097794290735,58.91408237935523,19.258537626240557,69.14863144572183,76.52903824190608,40.31882002809256,102.28146300277565,86.00010613998428,23.73782186991845,86.40602494815911,74.46047395684546,72.65163663500479,86.12666228289045,81.6936762408063,86.59078949641425,48.13290197228836,47.409526496406,76.06065955069337,84.3942788090385,85.27136877503689
14.84126113145702,59.76676573273907,65.74304725744605,58.57369050944256,40.490552976195545,40.13854808847953,88.81652577420728,38.169758615293624,57.29562663967419,73.00382162422656,58.59498032725507,60.07584045214291,71.86008221313821,46.063386049602386,13.568471103118876,57.09923613481056,66.21603687570607,81.43525853356506,39.97433596701738,36.943641484840654,22.37352090448594,68.95278130926356,43.6661078040555,89.75628385480687,15.145111986260593,0.0,63.94555098122259,35.687224558912376,11.132186734089936,22.201329261583297,25.418270413387535,75.7607146709442,21.786040415536448,40.65178152247161,76.00863770851078,46.92465665071613,29.64964342039503,73.55602116078262,68.0799812025454,28.092968938413613,91.7101072507213,71.92347091012896,28.687029192721795,76.58095668469997,73.18376032406196,57.90423402528101,71.19572707321652,76.89464882996788,78.97943441178509,33.23950836189225,32.62908786786405,71.62519778942516,72.2585480621961,70.22833241855852
67.08072446725807,23.00065631454096,9.648645121450844,22.18157166181612,29.9945994582618,65.72415289429124,28.316187311969347,69.5589148737083,9.341773263241123,33.803675259943475,26.84757589310711,13.41605386955844,76.01583308114462,79.22698169637017,57.921249669966926,39.847709268451375,76.97032225083369,25.50557645555748,35.97879895740067,42.08572751760147,63.21168092002017,79.59479807797143,47.7336667091816,41.93501604857938,69.78309160185005,63.94555098122259,0.0,44.11183173543411,71.62347017931296,53.85483459312589,87.204744169989,58.83716442755047,82.60876749538528,34.87689429878957,85.41381154388696,33.442315624754904,61.48615828682909,46.999077554683616,14.654762194234339,41.653784685899545,42.67734642441715,57.541395588693355,50.908285491053554,27.09865933066099,22.870801706222878,84.93302980419902,70.72575573924287,13.578766753475694,18.71013668015299,70.02170885909759,71.1238165664134,9.847474917101739,39.789723262866026,87.09372624396427
29.575030068016268,53.69527147302186,40.82685728303055,28.43804328578931,14.267872445960505,21.87441145303035,61.16335033123565,25.45075179487467,42.501441694586,39.32276688483706,26.48321608135412,48.24589629153406,42.86836996873282,35.26140527244516,23.004839797437207,21.600995622573148,40.062704750395774,52.10418746917816,44.7684536378897,46.851234208956484,50.61338564380563,43.03472444422417,56.29660198251503,56.40858069111254,49.19671619246433,35.687224558912376,44.11183173543411,0.0,46.72883176961086,43.708613347769415,60.693804907973046,40.63010119007202,45.716165756458395,44.52710496295029,50.08045448804305,13.729590914079852,54.671592207752624,76.40526965451512,40.87543988516034,10.277788329964542,58.547041625442866,36.946078833490844,46.675835950558906,45.42389638641746,62.838263602294404,42.33545908981761,40.10565539463649,57.41671468693705,52.52770515408278,26.223543964303104,27.474664783843934,53.8601234848205,37.296571975209176,48.22027885938396
23.964955281550754,64.26148336461605,74.44465035454627,68.47002406233116,50.53623459104382,50.48022016529427,97.65231153364653,47.99388476913255,64.17065156268517,83.4086199539216,68.83917091391864,66.06876476472608,82.52530665937005,54.980342826022486,24.638878039788924,68.02772581640026,76.61441299910463,90.76669758222393,43.19763884888709,38.82638876749809,17.841855924234626,79.2812168700821,43.502235615253646,99.97781096595597,6.649191742331628,11.132186734089936,71.62347017931296,46.72883176961086,0.0,22.376234612914708,15.647627006895721,86.89146768521978,23.70674148980771,44.07942612116176,86.24352414263205,57.54178388725383,25.62439886545602,74.56658218063168,77.19172980102014,38.69541301467031,101.87290977326198,83.05558831487167,28.785002792239784,86.38571306303581,78.12439906290989,66.99370520949044,82.08306933720377,84.03088432011657,87.6953899304484,42.73402786364544,41.890636839403626,78.52341606526575,82.98576608526193,79.98526787590538
35.78609757249558,42.77062606084245,58.71665170742388,56.60513663806625,40.775987187430964,56.597836189711806,81.5585523539449,56.17436123463046,45.342606513719915,73.00590968536996,58.375483785716156,45.967759958196865,85.5716997650536,65.39311400236787,30.001643292807636,61.836198544600926,81.31717024835012,76.13980904915378,21.351586317297137,16.50571333634382,9.397447975954236,84.24213387036544,21.665387869572662,88.20757316242012,17.781381928186427,22.201329261583297,53.85483459312589,43.708613347769415,22.376234612914708,0.0,36.07922635697562,83.46609524273104,43.451307107830786,22.336048737270705,91.45596120933223,49.82468307451483,10.971526337756336,52.35630474103031,62.403398916748806,33.506135082487674,89.8063915844794,80.02748006118897,6.611486634423603,73.3933241297952,56.7703082978275,76.61302695682414,83.50850343513673,65.01327704313492,71.5591925703091,52.19585789071438,52.01055527064418,59.280483509289354,74.4534973506345,87.23534939957307
33.94445593340333,78.78554907810992,90.08831202004988,83.82891244571442,65.7971059167541,60.53972104371901,113.29314818098332,57.03877453462993,79.60382722086135,98.42150782771866,83.9854771016715,81.22416318213939,92.83450327993113,62.00815490179152,37.781099800080966,82.25609087224571,86.21758155434884,106.33690778931893,57.41713354983535,52.44277464268234,28.848644423304798,88.6550853394664,55.48627702817882,115.15041958855527,18.308927402324983,25.418270413387535,87.204744169989,60.693804907973046,15.647627006895721,36.07922635697562,0.0,99.9197556092256,25.134910563081913,58.381271242109484,95.27044597220461,72.32796730202857,35.62688624330388,86.62765265281806,92.79681311786723,53.509422409509924,117.08926165443633,96.00644938741421,41.86160918044078,101.79905619300187,92.75830344363067,73.90277171910724,93.20035827084637,99.48183870660385,103.34055323159401,51.431048642206925,50.23277359468507,93.92242043378226,97.59830150530892,87.96520071732499
66.4962416386405,78.8321583513475,49.91008386964264,37.191674217002486,44.15291138376612,43.133587262074776,55.791737179659165,48.29354971648964,63.71412434879048,27.681676155810912,32.688752963296984,70.07208409984459,24.499253442894016,51.49901654290248,62.40134151841396,22.52754102181822,30.455901272112847,46.45912903664663,79.08186465891073,82.95108219363934,90.98151413498229,31.484909116272114,92.0560125957607,36.672620215298934,89.75801665314987,75.7607146709442,58.83716442755047,40.63010119007202,86.89146768521978,83.46609524273104,99.9197556092256,0.0,80.74392947816496,78.45518005694007,33.812788932042594,34.59837497088682,94.39423173326422,103.84288580846165,45.8522754897938,50.275067807116386,38.7823963055499,3.9626010094858746,85.40584861497348,38.401672561319224,81.70634744070557,48.0047593960303,18.381251798627137,67.23783716574353,52.92265795487682,53.202997693951865,54.81378860186142,67.17303745205784,20.456433228058973,40.44703988924535
16.312607068311745,81.028976471696,82.77585673547235,73.01806242137084,55.465125558223114,38.50413590088683,105.10656791960409,34.134056688366805,76.9996467095793,85.03496897858265,71.84403313513405,80.48178933669143,70.03095238887786,37.48270568546071,24.885663580619404,66.58747965982512,62.89191216949048,96.75060828552178,61.706680496907005,58.71069196985563,41.19292375311226,65.10443698906461,65.10703268575772,102.11987095191458,30.355381436712285,21.786040415536448,82.60876749538528,45.716165756458395,23.70674148980771,43.451307107830786,25.134910563081913,80.74392947816496,0.0,62.35265942303288,71.38203701289304,59.16307046370868,48.98207734060141,95.31212544259212,84.22683502187357,42.26176884402744,104.26288553272398,76.78278153365929,50.049670560064456,90.71534485952168,94.12779885850942,49.156888069338386,71.26407094640237,95.99594281849369,95.68580918606209,28.551673396207423,27.10458280610714,91.06220720213184,82.59709741942874,63.54249851282733
50.68870747814336,20.437330993952088,41.90194251189801,44.79217775704048,34.720023858236246,63.6187915574731,63.19120925779163,65.03683535832867,25.618839346284524,61.282854976280426,48.030597337993306,24.614960366920755,86.93052793511336,75.19795603894448,42.301606083779596,55.939247171341485,84.58281923148253,59.529345553718734,1.126269561960879,7.293575179232947,30.796442567254083,87.55194399832466,14.070100231428674,74.10227890028125,40.0724220446627,40.65178152247161,34.87689429878957,44.52710496295029,44.07942612116176,22.336048737270705,58.381271242109484,78.45518005694007,62.35265942303288,0.0,94.56014036098536,44.09950324239879,27.338286794430722,34.1785998532455,46.43753324271225,35.31649238447388,75.32021246346206,75.68362032887414,17.380873430332578,58.74066907997353,34.44217814086641,84.8287499474957,83.41272102253883,44.20072423835324,53.51474418010037,62.64133913083074,63.01108908446619,38.39563223907332,64.68920878902442,92.54841483521723
62.391186786830175,101.28664553302309,77.96933555791504,63.45300437014106,61.277095764501524,35.8709985694824,88.44871642777889,38.40639135777018,87.63167184104357,59.58841814023623,58.87856200504007,94.01384540035133,9.789690732201798,34.164683028731176,63.12596527611939,45.641638496276805,10.158962952376488,78.72426609975508,94.83112125679716,96.83782422467567,96.43562059868378,7.214087723787161,106.2680258587064,70.4700685113724,91.15097794290735,76.00863770851078,85.41381154388696,50.08045448804305,86.24352414263205,91.45596120933223,95.27044597220461,33.812788932042594,71.38203701289304,94.56014036098536,0.0,53.52577630764884,102.03521013545,125.34242572302384,74.98414280762663,59.86202677717055,72.59238632905051,32.23807261260402,95.54354827916265,70.3886574529313,107.56999272802516,23.946680087324587,15.895559469121471,96.23251310942001,84.08160962124444,43.92147512968794,45.05265172004914,94.84338276686037,52.52746663915337,9.725796922846374
42.89542816974536,47.81203491421738,28.403579605211494,14.927175057353521,9.555059434715362,33.16925463968829,47.59951042453334,37.60542642420744,34.24013599144377,26.24591076027328,12.763010204559613,40.560669614302164,44.74857414242051,46.62271524729209,35.45935212860597,12.192699000743776,44.37703483271186,38.413999689177594,44.6645634976308,48.36179873056834,58.03754861150322,47.162501126032886,57.517022301310895,43.2451818197555,58.91408237935523,46.92465665071613,33.442315624754904,13.729590914079852,57.54178388725383,49.82468307451483,72.32796730202857,34.59837497088682,59.16307046370868,44.09950324239879,53.52577630764884,0.0,60.579066900715524,72.20222852991363,27.720524612498643,18.855511021212045,45.31457976190817,31.640929276466153,51.134172002851834,31.708872340424808,54.47352749566091,51.539016371674144,40.345816811628865,46.02643896553606,39.27157910519661,39.3036792522796,40.671069505218455,43.27200555284135,25.49271694988892,54.10090794128571
44.256197225368766,46.955616063885515,67.32899241599651,66.56810684873435,51.389903200821074,66.83494594274407,89.66269951269129,66.03149886289874,52.486357965247954,83.1268007041904,68.62878323901253,51.95219598526244,96.35835621324973,74.86301072147904,39.726896179272934,72.65317225208436,91.92142022388654,84.96160064108368,26.217546356127922,20.14323390939039,7.802832260105754,94.826801626241,20.269669115560596,97.87256598481638,19.258537626240557,29.64964342039503,61.48615828682909,54.671592207752624,25.62439886545602,10.971526337756336,35.62688624330388,94.39423173326422,48.98207734060141,27.338286794430722,102.03521013545,60.579066900715524,0.0,51.11832788728831,71.34869805471355,44.47709590923603,99.37585668212495,90.97501537989602,10.662739329589819,82.82828870324401,60.775935375867775,86.36105260051902,94.40313412965935,71.51188459348053,79.76849212064025,61.71918921915756,61.37598988437545,65.70819359330568,84.91336882587876,97.50255872261883
84.69590352344373,25.01734311551157,56.642966464763674,66.79218598195345,64.06793049495518,96.87651313249893,69.37697212286176,98.73079989367989,40.282620674945875,80.64783355445131,71.18261581045691,34.14631078734597,116.88348379040133,108.96491628330088,76.46121606486787,82.43843711467422,115.7279459242874,70.68442100486931,34.51266381430692,36.614220193727625,57.85234092048018,118.63645015134011,31.205823766578586,88.08978528761514,69.14863144572183,73.55602116078262,46.999077554683616,76.40526965451512,74.56658218063168,52.35630474103031,86.62765265281806,103.84288580846165,95.31212544259212,34.1785998532455,125.34242572302384,72.20222852991363,51.11832788728831,0.0,61.64901190555921,68.28381902728177,88.47834846236971,101.86712620475303,45.815398665195396,73.88608465706335,27.501493335546144,118.07002442665853,112.53389314670156,46.418863988067,62.46112207796045,96.63863447808824,97.07236397971646,42.45557263920245,86.18477243733648,124.5295215329292
68.02500076597066,37.500772807878214,5.06338524824512,12.976829226412121,28.777619554068547,60.78110457474345,20.900736318830173,65.31564265860199,22.739964539329897,19.4564038094736,16.784649797729998,27.905764759805756,65.30233166792621,74.13945960443375,59.42567439228712,29.805141058489184,67.41988390283194,13.759835814012138,47.46084101426889,53.25083169261762,71.75591876081734,69.80405592550792,60.11610749573068,27.954828485086058,76.52903824190608,68.0799812025454,14.654762194234339,40.87543988516034,77.19172980102014,62.403398916748806,92.79681311786723,45.8522754897938,84.22683502187357,46.43753324271225,74.98414280762663,27.720524612498643,71.34869805471355,61.64901190555921,0.0,41.965080699012155,28.991318816424585,45.09755168960853,60.701014231894355,12.700620040558977,36.685531074591296,77.97798597433457,59.60069717016531,21.494490360488157,11.662828789161455,66.93615989440534,68.26082075806067,21.48290684003836,25.939942496084992,77.9301447548215
26.092730655399777,46.95916121646158,40.66248855610507,31.098325562667736,13.21931811463649,28.593357082842928,62.84790249843065,30.76301492933031,37.960338635223266,44.9244151818317,30.643378861497645,42.96264750507885,52.98211588381984,41.02273398166815,17.52284967706578,29.670098097927426,49.75422836436271,54.635467877951534,35.43387158916634,36.99357450311694,40.708490039536144,52.7313406011617,46.41234170593878,61.75192621735848,40.31882002809256,28.092968938413613,41.653784685899545,10.277788329964542,38.69541301467031,33.506135082487674,53.509422409509924,50.275067807116386,42.26176884402744,35.31649238447388,59.86202677717055,18.855511021212045,44.47709590923603,68.28381902728177,41.965080699012155,0.0,63.743972988135894,46.715682339161155,36.40213908475925,49.06122171299459,57.60203007034893,49.7916289580544,50.36612925055468,55.23249165375851,53.44725395613497,29.660944609408297,30.48818448324097,50.89844202472929,44.294243919504765,57.294644838356234
88.0876914743987,65.58376633116127,33.827684677689795,33.56505258858829,51.33690578479543,72.7056855764201,22.38703494465503,77.96416909196674,51.500648879779405,19.236613732343123,33.118793578363714,56.05986428414664,63.169145935612285,84.40456642130334,80.76086847617385,38.551742511055764,68.38025190608559,17.80658086531223,76.32182052877253,81.99387058087092,98.9767732514823,69.8190561947596,89.08493685912464,2.298080949938182,102.28146300277565,91.7101072507213,42.67734642441715,58.547041625442866,101.87290977326198,89.8063915844794,117.08926165443633,38.7823963055499,104.26288553272398,75.32021246346206,72.59238632905051,45.31457976190817,99.37585668212495,88.47834846236971,28.991318816424585,63.743972988135894,0.0,40.64754703859146,88.82512584315677,16.62256969914951,61.60555958535533,84.10899038799717,56.982141375316566,42.946648930901155,26.17729951149957,81.36212773224682,82.92317488562377,46.08810578087046,23.13909621294375,78.79241078026016
