0.0,86.42504693232674,8.236180700075948,40.959592139722425,25.1953711124145,85.02454668470307,30.60082868180417,63.69922067903195,68.5806962552553,29.808343887618996,58.615733114804684,43.50346211622077,107.29647152787109,53.26402119339576,18.43960340803551,83.36876461489054,75.99585402835788,15.330046302213038,60.51890638936401,71.08104354375284,57.021841730694895,71.30175685492645,59.322209059527374,59.296403627845095,51.12828907080753,67.81895335148361,79.93272073426755,53.80535674135279,44.50526268332463,17.236289634809204,81.05145837466273,52.88787969544015,25.517314459306668,77.95473487565312,42.43509192181183,27.304127544893596,100.67761894689357,77.97276713302286,42.16290317921387,85.86320505654241,63.723171331502726,83.47638457276518,94.34510163382318,65.92059861256355,83.28268151360611,78.86286052634783,74.01431847344168,38.86414150275513,51.733069925887804,39.92612811588224,85.52274945936216,42.59228959002997,22.230823227765818,83.02495104175601,37.89309418942599
86.42504693232674,0.0,89.86293421566397,70.62559419074587,61.292343587763455,25.141727371691417,84.87968612542531,73.50635813123505,24.485143934088498,60.603505346217574,57.45250015738359,68.0974571674966,21.068055694054202,76.2262863250623,68.26292620321006,84.6941648332738,44.573000215849525,74.85966140571085,50.65386834069312,33.906577345717714,32.7349028977104,27.639197299248544,35.83636614904149,47.34088564143104,60.65968101654328,63.877901185369915,17.096365265575468,54.669477473337174,79.40433232176504,86.6273493759511,74.79109506222376,53.08703385185154,66.2212354785883,15.14413068006022,53.806410742274856,72.93661592196186,14.2963726414852,8.458747123474318,79.5400850991987,31.05983092666734,38.89602947202632,15.322304127947122,21.06418083165522,35.479268450126575,63.08087771997656,33.45638097950648,16.413442988497223,67.94399708836046,46.733946335117324,76.88203991663511,42.804744174310244,46.92233292921783,67.52599136557774,18.741131517166515,56.8972929114073
8.236180700075948,89.86293421566397,0.0,48.998528842192826,28.921734236455706,86.1870221328754,24.35277073506389,59.48747885322804,73.58341555683026,30.594148189193138,66.09317378753934,51.44634057971039,110.4512747587981,48.55969792475718,23.759407026040293,78.61528720333507,82.74032185589346,22.826561079546213,59.23918760747058,77.07390973293518,59.073579315284505,72.52299247815698,65.02930180238141,66.11106964545444,58.73661631123731,75.57755974200843,81.94484073333386,52.23752522558521,39.27437690585736,25.222950735584384,77.17006263802767,60.00790050863331,32.565272676687904,80.27006688237228,42.168487831767465,24.265541731514368,103.98245455180569,81.47367220719332,36.90080541004519,86.46385776133064,69.95344445328058,88.1607646538436,99.25635610500451,71.91766254047073,80.6459018946434,84.88499880254756,78.44727082819853,35.844593788599866,51.68956717039709,35.126756396622305,84.96953773971525,48.11064099579,29.017401116910975,87.97513414322445,44.69382091570408
40.959592139722425,70.62559419074587,48.998528842192826,0.0,34.659863084519564,81.38509860015824,65.23313177429189,86.83270814803362,46.634080360541226,45.65345801988147,20.700591557461085,3.3454735350406453,90.78119772935547,79.65245699324774,30.873025553648944,106.7135516878857,41.50717479069051,26.614317020168674,72.51345960628124,42.19478498467421,54.89531417373528,69.69405346480633,34.99656089900191,26.61918118308752,13.153718895777931,27.6155429023492,72.75823281440306,68.49942186206471,73.99632177579916,27.6327884129801,100.91203305432595,19.190310302726864,19.729250468369937,69.53572600836544,55.633116922059365,55.19736338859733,83.95925634287725,63.12202656721189,72.13380091785727,84.88317793481207,34.536740204469645,60.959255093440696,69.28616903019835,37.93489330783035,97.56010637992968,48.72755757721113,54.48552226824646,62.708230967938746,60.81859022887252,68.91061204120297,90.10860902996394,27.35600109360252,23.244638324148685,58.987987356421534,16.631354021461576
25.1953711124145,61.292343587763455,28.921734236455706,34.659863084519564,0.0,60.80130007795218,33.6531487784778,52.459292968827924,44.88417097981024,11.082738839034686,44.42409849376557,35.40711422990486,82.1154913993228,44.994084683074206,8.170088086778025,72.53123335660847,57.018240127809214,16.927656653714333,41.238531059868635,49.58159795416253,32.302719619251384,47.17758344780431,37.244994560537485,41.215326324820644,38.60956000595831,55.29877743782755,55.052574079962596,35.852450519889565,39.734311840516995,30.116108659942924,67.47683538544788,36.82555925013845,15.477114893766277,52.922430553950704,22.75038653327398,21.75600104357211,75.51998581513358,52.852172544413634,38.04085103874399,62.27201503839823,43.12312765326541,59.27823463651783,70.43843693699908,44.52640000289286,66.06746431334363,57.33748517240426,49.52882371114285,28.054509842451928,30.393211381039865,34.71655599056686,63.69177783432814,20.56352404796219,13.012921741833924,59.196222602718244,21.864592211971033
85.02454668470307,25.141727371691417,86.1870221328754,81.38509860015824,60.80130007795218,0.0,74.60934103596348,53.970926349701315,42.02935401535829,55.63416118186841,73.57133854509082,79.6252658604316,33.59354432985104,59.52437644607845,68.87010747669004,61.69573226765397,65.82452453539639,77.11616859803698,33.38766447862025,53.84165858603246,28.67337748312134,13.723579229228466,50.54366640721327,63.52471812911908,74.49216700125645,82.16862236244557,9.920398602949353,39.5565305941637,65.17512499104456,90.14020809270991,51.584459412968506,67.25743939550044,70.93470672242022,13.459784090960385,44.64661392581058,64.70270911148853,30.34480852410033,25.175818178272873,65.98569911848577,5.918715385192344,56.240525707144826,39.35722813765259,46.17560024106904,53.45589029069847,38.97500617137226,55.82565829172762,35.46927191323564,56.350702322944876,35.33498549006011,64.07205879643091,17.811059644193367,54.30096438452169,70.89849730745914,42.588064577842204,65.29639041297551
30.60082868180417,84.87968612542531,24.35277073506389,65.23313177429189,33.6531487784778,74.60934103596348,0.0,36.692737819841604,74.79356204334624,26.625091838442426,77.906834864992,66.83035302240332,103.76755847457709,25.32898276328835,34.524956501580995,54.855150587528094,90.22465056340924,39.492132405111505,42.89325293334592,81.7203583023138,52.14528157214296,61.916524615936055,69.40740536028936,74.78718689975865,71.66406113624308,88.61071036793359,73.02333788176482,35.84485487766641,15.602081048027669,47.2839864851298,54.51755314399774,70.444202953515,45.783016451626786,72.3467764420322,31.20242766555792,12.802314417911791,97.98641804280248,77.14419091378207,13.299268302595197,73.33764012945171,75.96737606566131,87.40732968085,98.81904660502754,76.89204239595415,60.09494697632136,89.24223355501032,77.37103681050948,18.29610842202021,39.60727994058802,12.653894316147241,68.93251483785755,53.61949010145875,42.09350842124981,88.1660469841684,55.21309538738375
63.69922067903195,73.50635813123505,59.48747885322804,86.83270814803362,52.459292968827924,53.970926349701315,36.692737819841604,0.0,74.75761705218085,41.37935493716455,92.07216178539157,87.15928880294312,87.3625559134957,11.418381274988352,58.36411886929308,20.19566046382663,96.76744162357171,66.49220065691588,23.042753173158165,85.42302394078787,46.073198494529855,45.915995756714096,75.0170637926352,85.23107039390297,88.18852337546235,103.13825252954834,57.29405754866407,21.42359244468598,21.18522838580902,77.8787007547793,17.83250866720611,83.95374033626764,67.92962147802535,58.45478749425382,31.98267095595928,36.513985480544704,83.26304289067109,68.16041614240885,23.4133257799322,50.17906558872735,82.56888470966453,82.2327415180445,92.608885733758,81.87526722080288,25.292125557190246,91.40995228678743,73.4080050754075,25.509645743015856,31.24956033563289,24.473947382829454,41.197753984804635,64.81842996704613,65.18321389664466,84.31127873085636,71.97760368319497
68.5806962552553,24.485143934088498,73.58341555683026,46.634080360541226,44.88417097981024,42.02935401535829,74.79356204334624,74.75761705218085,0.0,48.27656692750975,33.13365180562785,43.94026084593458,44.15070518278295,73.73949333652371,50.19275337488566,90.4399356562521,24.379431598129347,55.078535429615435,52.54600082867418,12.115430211498033,28.716886488980712,35.65225480073844,11.64180491513895,22.948770748463904,36.19510753574518,40.5006708021568,32.12813519730784,53.45673199906107,73.84854217518223,65.47941185131774,81.5509055075564,28.63071255889628,45.363055245701005,28.574506612810165,46.78206916692792,62.01840925630848,37.34268800979114,18.23673579500649,73.25029217216881,47.21374388700325,14.724873106097064,15.214548648662307,25.764738990096724,11.57795162192765,72.57567194056985,16.699285594617937,8.071874329011536,60.916659530616606,43.716083255685575,70.06927584932757,56.642004377779486,26.18107119506526,47.479116103817574,14.444263074813607,34.41421223810215
29.808343887618996,60.603505346217574,30.594148189193138,45.65345801988147,11.082738839034686,55.63416118186841,26.625091838442426,41.37935493716455,48.27656692750975,0.0,53.855867542946044,46.24953335735576,80.67103694803988,34.09426292377199,17.6371159250185,61.46911030234141,64.06771254941887,26.39554573835191,31.667364794678747,55.154640172960015,28.730036653474794,41.946155547388955,42.89099627437536,49.291837009522474,48.66665762038646,64.91565177546266,51.453761526297065,25.63747757243197,29.585044154169164,39.10748945327893,56.61214538736386,45.940627547286034,26.550553798756006,49.94099499149348,13.01013448070074,13.824877631202446,74.41308200498518,52.43346398631259,28.14219019728097,56.156368861370865,49.64933006419373,61.38178208770513,72.78470502346444,50.39035652742397,55.946645170964786,62.63439210153489,51.34810887862512,17.24591122573489,21.99112053502157,24.754475587462466,55.8390207909693,27.7583904530718,23.90026619208826,61.91103960772553,31.906374416550296
58.615733114804684,57.45250015738359,66.09317378753934,20.700591557461085,44.42409849376557,73.57133854509082,77.906834864992,92.07216178539157,33.13365180562785,53.855867542946044,0.0,17.36313379302457,75.892444876972,87.09273610530352,44.195570007727724,110.8145644317779,21.14164201615585,43.33118812437108,73.68099770141603,24.800850876679334,51.73119872788301,64.25455008283937,23.036131260182263,10.214914816140343,7.7770631249702715,11.123826863380499,63.97087723705183,71.52281066057485,83.43928190571653,47.638027519744696,103.51987086385601,8.119911828758285,33.67882361955274,60.45566073469439,60.14523632270318,66.16750797001428,69.33666985378721,51.29003160852939,81.97281478382355,78.12179447814229,18.562044624225237,45.10048299967537,51.56521833290737,22.029382565254295,97.53568525013796,29.875971979997228,41.13415753382983,70.81190922008612,62.32203045927691,78.5913569015989,85.74075445497537,27.25998693315469,37.39161957787952,42.49259869815803,22.70052940844828
43.50346211622077,68.0974571674966,51.44634057971039,3.3454735350406453,35.40711422990486,79.6252658604316,66.83035302240332,87.15928880294312,43.94026084593458,46.24953335735576,17.36313379302457,0.0,88.08349924354717,80.33656014791575,32.32367248862808,106.90534412835012,38.16928650473169,28.8207596303543,72.09148479496108,39.07945466740187,53.6586215846044,68.22577738842483,32.33432536991747,23.436381920358276,9.813958428108737,24.613980774453072,70.82453297073776,68.36292359033214,75.019159680613,30.733945303145898,100.83915989728692,16.07459124508367,21.065930687316452,67.54610729983469,55.65801021678552,56.40981755748213,81.28287359777757,60.733500760020945,73.22183694216578,83.2891230588874,31.487497077056787,58.07456654780629,66.2132332665547,34.92376199225051,97.04722219592796,45.50622416442335,51.862509300977116,63.428589428704306,60.3752964506934,69.95495218868119,88.89080344957326,26.055135937293937,24.737172996774824,56.026318671907575,15.8241541191425
107.29647152787109,21.068055694054202,110.4512747587981,90.78119772935547,82.1154913993228,33.59354432985104,103.76755847457709,87.3625559134957,44.15070518278295,80.67103694803988,75.892444876972,88.08349924354717,0.0,92.04892421167861,89.23193166404897,94.91696652370098,59.73285559748615,95.92160596913746,65.74839430511892,51.23472715484639,52.11043055165303,42.820570666331285,55.78465654510703,66.14730345445601,80.0333499701768,80.7247075219491,31.14359185641847,71.02933332385837,96.59522729265171,107.67663162029476,84.7842948041582,72.54714603988312,87.26603495828911,31.430559232317197,72.58148479610296,92.34427409623947,6.873491821937995,29.486699214746313,97.05173014243184,38.334361105319026,57.551256073782575,30.823634757122765,27.91473535799778,54.0129294153263,71.71383577602472,48.26326118858897,36.35104886295595,86.13493772856927,64.48488260534484,94.69551616349014,49.91125545288382,67.92016154285342,88.59403998837985,33.666599662878745,77.69437487637967
53.26402119339576,76.2262863250623,48.55969792475718,79.65245699324774,44.994084683074206,59.52437644607845,25.32898276328835,11.418381274988352,73.73949333652371,34.09426292377199,87.09273610530352,80.33656014791575,92.04892421167861,0.0,49.92447824581329,30.125413237861814,94.15123254826939,57.52252694003235,26.313798107678448,83.47619048650496,45.866909986940236,49.40422617855984,72.22874143126187,81.22282258937764,82.45878386890318,98.21632752486207,61.12170663471206,21.572812364458024,9.77166082478333,68.20110237507625,29.203213750965702,79.01448894351513,60.213378975071,61.6525227029072,27.713691993416877,26.58324461921297,87.31489016817407,69.92738433060163,12.0304102869767,56.59255158872389,79.66427626961918,83.0616129701431,93.96549031394879,79.452997261006,36.01152989999162,90.05967410450694,73.6314835185385,16.94888158709492,30.458181266011362,13.439504877044172,49.19776026291677,60.01836197743936,57.1487158246466,84.75086879892436,65.82247690030052
18.43960340803551,68.26292620321006,23.759407026040293,30.873025553648944,8.170088086778025,68.87010747669004,34.524956501580995,58.36411886929308,50.19275337488566,17.6371159250185,44.195570007727724,32.32367248862808,89.23193166404897,49.92447824581329,0.0,78.55380907798796,59.33071539734145,8.90425028052108,48.92157534500245,53.31584447986293,40.28673954574503,55.28239768561881,41.28805300822801,42.86451032083581,37.47619788193085,54.535904152018624,62.88764220154444,43.19353182605165,43.447848585525804,22.014013524461195,74.12951517279896,37.32542797599815,11.26114368303543,60.635832852761276,30.259088635826988,24.439667514375763,82.54835783849822,59.804270426978896,41.482606657719806,70.42199433604456,46.24618837878359,65.04308306257425,75.95009501204177,48.16093677966021,73.5059609989226,61.12735650843326,55.579516258842204,33.13426429239495,38.35623129354356,38.34861579879675,71.81357990243312,24.39593853171475,7.628457311774153,64.63359811706847,21.75779384540731
83.36876461489054,84.6941648332738,78.61528720333507,106.7135516878857,72.53123335660847,61.69573226765397,54.855150587528094,20.19566046382663,90.4399356562521,61.46911030234141,110.8145644317779,106.90534412835012,94.91696652370098,30.125413237861814,78.55380907798796,0.0,113.61374391096997,86.68081458960957,38.09722421789633,101.80417852183867,62.012930124584244,57.6197318689359,92.32425945426372,103.35809491016421,107.40674630068331,121.77059409324106,67.65065022101062,39.291756856218335,39.39328288416381,97.95302955017712,10.132844524699847,102.73233495660084,88.00830883823637,69.67153692294072,51.320383516534406,56.42457102665163,92.04029727287396,80.85538852740015,41.76184160134127,56.59697233863051,99.85443005824028,95.65759219649499,105.10674204726074,98.75240540588919,23.506781554112823,107.10273327927423,87.79446019982889,45.6662930005383,48.683534409938964,43.54813824466604,45.16256676089063,83.70887427074243,85.32493354578791,98.15684255847029,91.50858813989726
75.99585402835788,44.573000215849525,82.74032185589346,41.50717479069051,57.018240127809214,65.82452453539639,90.22465056340924,96.76744162357171,24.379431598129347,64.06771254941887,21.14164201615585,38.16928650473169,59.73285559748615,94.15123254826939,59.33071539734145,113.61374391096997,0.0,60.79112491828751,75.51697224723404,12.269429794931343,51.629106042812346,60.02023824454613,21.923009428020823,16.707048750827383,28.355371405149423,21.62329561219653,55.916773584922794,75.35870374533222,92.55737099434282,67.30766332046021,105.09629885004328,23.62017659519875,50.485808441146496,52.41692061108341,66.45023389073934,77.63950101731962,53.7804657454977,40.91099445862414,91.52891731643585,71.23452856419499,14.552610476539298,29.79109414192954,32.956604708892954,14.903618417790238,96.70264248903615,11.496816463412616,30.37217540400655,79.44642699210847,65.54644612628981,88.1770196611597,80.98390774223044,36.61717767541216,53.81914138696507,26.517976875538196,38.11286904459818
15.330046302213038,74.85966140571085,22.826561079546213,26.614317020168674,16.927656653714333,77.11616859803698,39.492132405111505,66.49220065691588,55.078535429615435,26.39554573835191,43.33118812437108,28.8207596303543,95.92160596913746,57.52252694003235,8.90425028052108,86.68081458960957,60.79112491828751,0.0,57.81450603270243,56.44170758600526,48.447569909091236,63.63897658598166,45.07269060621683,44.084128933802404,35.91782366379897,52.75846810352255,70.70998789662217,52.01664526672084,50.32695680167607,13.202222022891224,82.61915644197602,37.57274626508373,10.358641350965819,68.27774261356825,39.138190022785516,31.250304943270873,89.14611177300664,66.43783640458163,48.21035330283876,78.90223964825346,48.90735701780958,70.22309415198986,80.73278730575474,51.30745757184289,82.33222031632772,64.16099916415767,61.19833199866171,41.04072427968684,47.24651313799636,45.27464332243091,80.61635965210168,28.910265225722956,7.60286666876806,69.44450751744809,22.781645786822203
60.51890638936401,50.65386834069312,59.23918760747058,72.51345960628124,41.238531059868635,33.38766447862025,42.89325293334592,23.042753173158165,52.54600082867418,31.667364794678747,73.68099770141603,72.09148479496108,65.74839430511892,26.313798107678448,48.92157534500245,38.09722421789633,75.51697224723404,57.81450603270243,0.0,63.74405012234577,23.94493485390949,23.289678744787984,54.298978139767655,65.67777019822692,71.0808034801365,84.43651848745652,34.939992269798395,7.160714475372317,31.909194465068566,70.72585798110883,29.943140314162736,65.72006796695231,55.80924633563168,35.74205216944165,18.699806400125595,35.3541286159029,61.12885136130272,45.12106609870778,32.893310711021414,31.024315189839562,61.80775700996505,59.23933889348346,69.56614823655677,60.65653908155868,25.111786078456262,69.24387270210931,50.59543171017383,24.86103699663467,11.716929832304599,31.32863887923744,26.188133880292696,47.16714088894087,54.05307587070456,61.39164429537772,56.282526632370136
71.08104354375284,33.906577345717714,77.07390973293518,42.19478498467421,49.58159795416253,53.84165858603246,81.7203583023138,85.42302394078787,12.115430211498033,55.154640172960015,24.800850876679334,39.07945466740187,51.23472715484639,83.47619048650496,53.31584447986293,101.80417852183867,12.269429794931343,56.44170758600526,63.74405012234577,0.0,39.80013025336189,47.75086259701757,12.372815135774493,15.72809691681355,29.92623004212225,29.99702875516756,43.92129092802927,64.00435004614182,82.61195135045996,65.00899732686165,93.12972704530684,23.01065998130756,46.15116651990191,40.39242291432609,55.94405333667038,68.95302460749848,44.79775376861831,29.24865160991761,81.76674978562322,59.1552046553149,7.850401054061176,20.41340350826763,27.170930118228675,5.162658880384632,84.50863744133565,7.8120358859684575,18.59238210174369,69.50859878203322,54.1799471314938,78.4725685628933,68.74727126675646,29.13916782592818,48.99402907953209,17.697371314511738,33.93717195993362
57.021841730694895,32.7349028977104,59.073579315284505,54.89531417373528,32.302719619251384,28.67337748312134,52.14528157214296,46.073198494529855,28.716886488980712,28.730036653474794,51.73119872788301,53.6586215846044,52.11043055165303,45.866909986940236,40.28673954574503,62.012930124584244,51.629106042812346,48.447569909091236,23.94493485390949,39.80013025336189,0.0,15.400208809143574,30.789530973425077,42.88017407756363,50.48259620389132,62.00899768736935,22.932503205002515,24.90703054762013,47.50174850624108,61.469590720916834,53.50090447554265,44.16621097694767,42.49150179001388,21.220464660689306,21.13064229458547,40.31912920555074,46.04062019148994,25.16136383189702,47.377846861876684,30.86266030424659,38.184006977104815,37.256904734362976,48.33733701711534,36.81922337662987,46.01951763208596,45.405181679235966,27.769872900205158,35.44650203986051,15.41415161293662,44.536092634163076,35.234060168753714,27.605502439289594,42.273207117433685,38.88397719312452,38.31347011233117
71.30175685492645,27.639197299248544,72.52299247815698,69.69405346480633,47.17758344780431,13.723579229228466,61.916524615936055,45.915995756714096,35.65225480073844,41.946155547388955,64.25455008283937,68.22577738842483,42.820570666331285,49.40422617855984,55.28239768561881,57.6197318689359,60.02023824454613,63.63897658598166,23.289678744787984,47.75086259701757,15.400208809143574,0.0,41.7277664327139,54.63565704451222,64.10082151782026,73.7717757781178,11.727086386387397,28.210909265883075,53.799482029553715,76.73262287914982,47.962982440666316,57.25160921429952,57.89168556294906,12.539609842010881,31.324969083933144,51.46234401695418,37.91087062218386,23.248961817571622,54.32482173146738,15.467988097207696,48.38172500573083,38.15013422719337,47.52523030841273,46.15645435324443,37.480524374266516,51.5015294493004,31.12911772955821,43.84715768051801,22.31749729937639,52.093617311278415,21.524294663803914,42.34671047331839,57.62658826456852,40.817534222084404,53.256332209004135
59.322209059527374,35.83636614904149,65.02930180238141,34.99656089900191,37.244994560537485,50.54366640721327,69.40740536028936,75.0170637926352,11.64180491513895,42.89099627437536,23.036131260182263,32.33432536991747,55.78465654510703,72.22874143126187,41.28805300822801,92.32425945426372,21.923009428020823,45.07269060621683,54.298978139767655,12.372815135774493,30.789530973425077,41.7277664327139,0.0,13.015807630477166,24.95840748220574,32.04825584305209,40.93825783507533,53.65693762048078,70.80571499160463,54.662206907408596,84.14914666377506,17.397186519249342,34.98250713080841,37.429274108010596,44.53174606613544,56.66047881486587,48.96597601609243,28.840924252716057,69.85846246086768,55.17115838455025,7.556748006762998,26.402844712963798,36.01609362364893,7.50166960703239,76.70119267879276,20.09355591137482,19.531056960086087,57.685253992939714,43.88900717285654,66.53179571624855,63.2478600441164,16.93313853767075,37.50810350201888,24.94687653066515,23.352044909382624
59.296403627845095,47.34088564143104,66.11106964545444,26.61918118308752,41.215326324820644,63.52471812911908,74.78718689975865,85.23107039390297,22.948770748463904,49.291837009522474,10.214914816140343,23.436381920358276,66.14730345445601,81.22282258937764,42.86451032083581,103.35809491016421,16.707048750827383,44.084128933802404,65.67777019822692,15.72809691681355,42.88017407756363,54.63565704451222,13.015807630477166,0.0,14.206969049010477,19.205165385869122,53.86214011779923,64.19977643880082,78.5411225091734,50.965862849344596,95.62030040339783,7.502689262544011,33.78228668043586,50.33415125525368,53.701106044547615,62.45845046517091,59.5082075463713,41.07829456789023,77.29337203057483,68.1861993067966,8.596047477177866,35.499468101382384,42.89826367288229,12.135837231047375,88.89298303530026,22.133552392167946,30.977686998379955,65.5790256749957,54.674620530059656,73.9065287930034,76.15906667391565,21.555657436257665,37.14343287225242,33.119682647002946,21.433176134188518
51.12828907080753,60.65968101654328,58.73661631123731,13.153718895777931,38.60956000595831,74.49216700125645,71.66406113624308,88.18852337546235,36.19510753574518,48.66665762038646,7.7770631249702715,9.813958428108737,80.0333499701768,82.45878386890318,37.47619788193085,107.40674630068331,28.355371405149423,35.91782366379897,71.0808034801365,29.92623004212225,50.48259620389132,64.10082151782026,24.95840748220574,14.206969049010477,0.0,17.069361264006282,65.22907470033573,68.24332981610733,78.1594634038002,39.861008435177226,100.60182186683072,7.575989930064526,26.602739122813727,61.80755435578524,56.224247250887316,60.31733894148024,73.31993596279598,53.79828496197351,76.56489873511892,78.63483669216471,22.6560488277206,49.56555277254891,57.08820077404819,26.18380440234698,95.5379257155498,35.98010412873093,44.25571243201581,65.85189759869641,59.47530215979754,73.20986781041321,85.33472548427123,23.91633650416466,30.367223905055596,47.281813621432505,16.79303187760355
67.81895335148361,63.877901185369915,75.57755974200843,27.6155429023492,55.29877743782755,82.16862236244557,88.61071036793359,103.13825252954834,40.5006708021568,64.91565177546266,11.123826863380499,24.613980774453072,80.7247075219491,98.21632752486207,54.535904152018624,121.77059409324106,21.62329561219653,52.75846810352255,84.43651848745652,29.99702875516756,62.00899768736935,73.7717757781178,32.04825584305209,19.205165385869122,17.069361264006282,0.0,72.3685892109235,82.48649748480007,94.50018461138366,55.2446025655764,114.33581072256072,19.224898547938853,43.65791856537279,68.81365608543494,71.23709845623749,77.05452379319195,74.49955908962859,58.659822010609055,93.0063649551871,87.02653726371746,25.942183559261913,50.11679798540997,54.50883424161113,28.922882936438707,107.98445017163931,32.676663474210194,48.09911052171242,81.91421842170739,73.18763490106046,89.62933340034633,95.29421526170108,38.35187813520456,47.42719222794825,47.09150261800831,33.454890746163876
79.93272073426755,17.096365265575468,81.94484073333386,72.75823281440306,55.052574079962596,9.920398602949353,73.02333788176482,57.29405754866407,32.12813519730784,51.453761526297065,63.97087723705183,70.82453297073776,31.14359185641847,61.12170663471206,62.88764220154444,67.65065022101062,55.916773584922794,70.70998789662217,34.939992269798395,43.92129092802927,22.932503205002515,11.727086386387397,40.93825783507533,53.86214011779923,65.22907470033573,72.3685892109235,0.0,39.92159162775775,65.4520495629293,83.47605559961987,57.71551361394246,57.88793300530402,63.71257494643203,3.558688564015506,42.013470508213345,62.06984295713149,26.197797615624157,15.463680660928972,65.91713847332646,15.410889188775773,46.42747826487189,30.086469706886756,37.95631331236772,43.588941533645276,46.021611134728175,46.02345516086984,25.58023853843576,55.15745986337834,33.498668597344235,63.59938775520605,26.332126058143096,46.095369306715405,64.06883409264921,33.19773133795903,57.035245254543945
53.80535674135279,54.669477473337174,52.23752522558521,68.49942186206471,35.852450519889565,39.5565305941637,35.84485487766641,21.42359244468598,53.45673199906107,25.63747757243197,71.52281066057485,68.36292359033214,71.02933332385837,21.572812364458024,43.19353182605165,39.291756856218335,75.35870374533222,52.01664526672084,7.160714475372317,64.00435004614182,24.90703054762013,28.210909265883075,53.65693762048078,64.19977643880082,68.24332981610733,82.48649748480007,39.92159162775775,0.0,25.70054368654311,64.71633643909249,32.48947929952575,63.44243579032676,50.90782946680698,40.22189058930366,13.132263995633224,28.242385882562264,66.03504393027787,48.38576473767941,26.431172941895063,37.68564722429707,61.21321546962172,61.772996939240834,72.53719937188717,60.46170994152432,30.31587800258257,70.06570617201629,52.57195948265152,17.7229479015921,9.826152130933485,24.58493625993895,33.34685707930759,44.451298426395766,48.836608100595825,63.62056177058556,52.70131350491363
44.50526268332463,79.40433232176504,39.27437690585736,73.99632177579916,39.734311840516995,65.17512499104456,15.602081048027669,21.18522838580902,73.84854217518223,29.585044154169164,83.43928190571653,75.019159680613,96.59522729265171,9.77166082478333,43.447848585525804,39.39328288416381,92.55737099434282,50.32695680167607,31.909194465068566,82.61195135045996,47.50174850624108,53.799482029553715,70.80571499160463,78.5411225091734,78.1594634038002,94.50018461138366,65.4520495629293,25.70054368654311,0.0,60.14439624766902,38.97187684302926,75.50363622476573,54.29458937525183,65.48610638431933,27.100135282071793,19.107317316126075,91.4074531037864,72.44739650023335,2.37361358698152,62.916409729256216,78.00695262113302,84.58507049856168,95.78957631249355,78.22998597254578,45.35390856757267,89.62744386832486,74.80259017367287,13.120479824560444,32.67471902650709,5.099417412459833,56.735874396149434,57.006221432756604,50.95513126430708,85.92325379480377,61.36815849316761
17.236289634809204,86.6273493759511,25.222950735584384,27.6327884129801,30.116108659942924,90.14020809270991,47.2839864851298,77.8787007547793,65.47941185131774,39.10748945327893,47.638027519744696,30.733945303145898,107.67663162029476,68.20110237507625,22.014013524461195,97.95302955017712,67.30766332046021,13.202222022891224,70.72585798110883,65.00899732686165,61.469590720916834,76.73262287914982,54.662206907408596,50.965862849344596,39.861008435177226,55.2446025655764,83.47605559961987,64.71633643909249,60.14439624766902,0.0,94.54631973703552,43.709759762023815,20.412758063322933,80.92352636677316,52.02609583531452,41.62073570368909,100.8426365760361,78.29181228802416,57.87978142486603,92.0414451940803,57.20182719076624,80.68942064925491,90.67796097913322,60.04334920083127,94.98474608432691,72.44249584743302,72.19572705965567,52.39915424208964,60.3532618577905,55.27649266065257,93.80760410274378,39.839086418935445,19.424459951157594,79.54750591199328,31.327455889804884
81.05145837466273,74.79109506222376,77.17006263802767,100.91203305432595,67.47683538544788,51.584459412968506,54.51755314399774,17.83250866720611,81.5509055075564,56.61214538736386,103.51987086385601,100.83915989728692,84.7842948041582,29.203213750965702,74.12951517279896,10.132844524699847,105.09629885004328,82.61915644197602,29.943140314162736,93.12972704530684,53.50090447554265,47.962982440666316,84.14914666377506,95.62030040339783,100.60182186683072,114.33581072256072,57.71551361394246,32.48947929952575,38.97187684302926,94.54631973703552,0.0,95.51028583484879,82.85072734957258,59.837422710043406,45.294259774236316,53.7510238997016,81.92882351277198,71.20931781778643,41.227252471684494,46.46460554278421,91.6225226375956,86.09567045128348,95.33699043084134,90.31845692350902,13.560051534196507,98.13565566909868,78.50630888660238,42.321346001605335,41.212809889313,42.2781952670626,35.05808336200767,76.72023553360437,80.45995342682252,88.68132999681407,85.19070163433474
52.88787969544015,53.08703385185154,60.00790050863331,19.190310302726864,36.82555925013845,67.25743939550044,70.444202953515,83.95374033626764,28.63071255889628,45.940627547286034,8.119911828758285,16.07459124508367,72.54714603988312,79.01448894351513,37.32542797599815,102.73233495660084,23.62017659519875,37.57274626508373,65.72006796695231,23.01065998130756,44.16621097694767,57.25160921429952,17.397186519249342,7.502689262544011,7.575989930064526,19.224898547938853,57.88793300530402,63.44243579032676,75.50363622476573,43.709759762023815,95.51028583484879,0.0,27.45259178580974,54.4382547375871,52.02555905915475,58.49532028253747,65.81239906422394,46.23754822144425,74.08062793410754,71.54009189686465,15.43458585685679,42.20617553620147,50.13921034910936,18.906925233799537,89.75915600806472,29.627917811532235,36.686514065738905,62.80401478687245,54.299512652724566,70.69414802220335,78.63022034304663,19.14007570176786,31.008628257428633,40.0396949493558,15.56816164480806
25.517314459306668,66.2212354785883,32.565272676687904,19.729250468369937,15.477114893766277,70.93470672242022,45.783016451626786,67.92962147802535,45.363055245701005,26.550553798756006,33.67882361955274,21.065930687316452,87.26603495828911,60.213378975071,11.26114368303543,88.00830883823637,50.485808441146496,10.358641350965819,55.80924633563168,46.15116651990191,42.49150179001388,57.89168556294906,34.98250713080841,33.78228668043586,26.602739122813727,43.65791856537279,63.71257494643203,50.90782946680698,54.29458937525183,20.412758063322933,82.85072734957258,27.45259178580974,0.0,61.000361291991574,37.783531510583515,35.4691608351019,80.43034527742414,57.90088879357621,52.41310370065658,73.35018749935965,38.57373411648895,60.570020798894795,70.84951446261759,41.03260375377372,80.86334161776725,53.84563959434802,51.86634928529278,43.27366877055361,44.45288979766586,49.20347694005552,76.45998406595966,19.456585547029423,3.7769024001430873,59.61209181676021,12.425773064587588
77.95473487565312,15.14413068006022,80.27006688237228,69.53572600836544,52.922430553950704,13.459784090960385,72.3467764420322,58.45478749425382,28.574506612810165,49.94099499149348,60.45566073469439,67.54610729983469,31.430559232317197,61.6525227029072,60.635832852761276,69.67153692294072,52.41692061108341,68.27774261356825,35.74205216944165,40.39242291432609,21.220464660689306,12.539609842010881,37.429274108010596,50.33415125525368,61.80755435578524,68.81365608543494,3.558688564015506,40.22189058930366,65.48610638431933,80.92352636677316,59.837422710043406,54.4382547375871,61.000361291991574,0.0,41.180128589759526,61.065465698969234,25.929472383167095,12.237313196529819,65.82442841262811,18.83962674978265,42.871986266805905,27.09622411130058,35.52920864033022,40.03033210704275,48.51135939780364,42.627437115318635,22.11663531892461,54.72788000681978,33.105928251788406,63.374211304241314,29.419933820018226,43.06903110089915,61.499646484791,30.11371503416,53.96079895706537
42.43509192181183,53.806410742274856,42.168487831767465,55.633116922059365,22.75038653327398,44.64661392581058,31.20242766555792,31.98267095595928,46.78206916692792,13.01013448070074,60.14523632270318,55.65801021678552,72.58148479610296,27.713691993416877,30.259088635826988,51.320383516534406,66.45023389073934,39.138190022785516,18.699806400125595,55.94405333667038,21.13064229458547,31.324969083933144,44.53174606613544,53.701106044547615,56.224247250887316,71.23709845623749,42.013470508213345,13.132263995633224,27.100135282071793,52.02609583531452,45.294259774236316,52.02555905915475,37.783531510583515,41.180128589759526,0.0,20.14034474651627,66.78618714911278,46.284817999769025,26.657706247217504,44.42130539256875,51.95249494110308,57.67144997637522,68.9656115127624,51.80115546341621,43.32374717288211,62.74858716360202,47.80122697099,14.447455519245008,9.530809556920486,23.634997419977015,43.096288680491405,32.886611033704185,35.71432841889873,58.8940451147864,40.18834565028862
27.304127544893596,72.93661592196186,24.265541731514368,55.19736338859733,21.75600104357211,64.70270911148853,12.802314417911791,36.513985480544704,62.01840925630848,13.824877631202446,66.16750797001428,56.40981755748213,92.34427409623947,26.58324461921297,24.439667514375763,56.42457102665163,77.63950101731962,31.250304943270873,35.3541286159029,68.95302460749848,40.31912920555074,51.46234401695418,56.66047881486587,62.45845046517091,60.31733894148024,77.05452379319195,62.06984295713149,28.242385882562264,19.107317316126075,41.62073570368909,53.7510238997016,58.49532028253747,35.4691608351019,61.065465698969234,20.14034474651627,0.0,86.35511152078574,65.01473138743867,17.066752993725427,64.15286952377086,63.30648200660995,74.80743418585394,86.22260842769856,64.15320144907169,56.43034045000718,76.45386777871043,64.7641624096804,11.659153816907493,29.378877909076405,14.032600138432425,61.41293805712647,41.10142011646779,32.01613664081232,75.48344517437965,43.612061108705674
100.67761894689357,14.2963726414852,103.98245455180569,83.95925634287725,75.51998581513358,30.34480852410033,97.98641804280248,83.26304289067109,37.34268800979114,74.41308200498518,69.33666985378721,81.28287359777757,6.873491821937995,87.31489016817407,82.54835783849822,92.04029727287396,53.7804657454977,89.14611177300664,61.12885136130272,44.79775376861831,46.04062019148994,37.91087062218386,48.96597601609243,59.5082075463713,73.31993596279598,74.49955908962859,26.197797615624157,66.03504393027787,91.4074531037864,100.8426365760361,81.92882351277198,65.81239906422394,80.43034527742414,25.929472383167095,66.78618714911278,86.35511152078574,0.0,22.749155852800616,91.75354255505785,35.64511910211281,50.91624208959606,24.412338572709995,23.112133902698744,47.38606900958131,69.20084069208558,42.283659917200865,29.501425470537836,80.57637190621703,59.00518706484916,89.28707747823378,47.58872433156714,61.06747929573501,81.79439374603362,27.419315536978107,70.82095776934017
77.97276713302286,8.458747123474318,81.47367220719332,63.12202656721189,52.852172544413634,25.175818178272873,77.14419091378207,68.16041614240885,18.23673579500649,52.43346398631259,51.29003160852939,60.733500760020945,29.486699214746313,69.92738433060163,59.804270426978896,80.85538852740015,40.91099445862414,66.43783640458163,45.12106609870778,29.24865160991761,25.16136383189702,23.248961817571622,28.840924252716057,41.07829456789023,53.79828496197351,58.659822010609055,15.463680660928972,48.38576473767941,72.44739650023335,78.29181228802416,71.20931781778643,46.23754822144425,57.90088879357621,12.237313196529819,46.284817999769025,65.01473138743867,22.749155852800616,0.0,72.43610021722411,30.847510187591528,32.961272414010296,15.00382343760281,24.477475144365677,29.767383689253464,60.37777402235361,30.65904195304035,10.659397908320992,60.59847653417439,39.84985518563922,69.65603256396184,41.65717699521544,38.69738951245851,59.132466811424635,17.910778360135712,48.88955183556522
42.16290317921387,79.5400850991987,36.90080541004519,72.13380091785727,38.04085103874399,65.98569911848577,13.299268302595197,23.4133257799322,73.25029217216881,28.14219019728097,81.97281478382355,73.22183694216578,97.05173014243184,12.0304102869767,41.482606657719806,41.76184160134127,91.52891731643585,48.21035330283876,32.893310711021414,81.76674978562322,47.377846861876684,54.32482173146738,69.85846246086768,77.29337203057483,76.56489873511892,93.0063649551871,65.91713847332646,26.431172941895063,2.37361358698152,57.87978142486603,41.227252471684494,74.08062793410754,52.41310370065658,65.82442841262811,26.657706247217504,17.066752993725427,91.75354255505785,72.43610021722411,0.0,63.914415173754705,76.98958328353672,84.30108667453888,95.55903584101546,77.31121642023166,47.31653690476345,88.86949596516112,74.45547641676075,12.334230512789144,32.83131393889015,3.390227443582137,58.090141638970785,55.739680754143286,49.0265357395313,85.55174755627871,59.77294695525882
85.86320505654241,31.05983092666734,86.46385776133064,84.88317793481207,62.27201503839823,5.918715385192344,73.33764012945171,50.17906558872735,47.21374388700325,56.156368861370865,78.12179447814229,83.2891230588874,38.334361105319026,56.59255158872389,70.42199433604456,56.59697233863051,71.23452856419499,78.90223964825346,31.024315189839562,59.1552046553149,30.86266030424659,15.467988097207696,55.17115838455025,68.1861993067966,78.63483669216471,87.02653726371746,15.410889188775773,37.68564722429707,62.916409729256216,92.0414451940803,46.46460554278421,71.54009189686465,73.35018749935965,18.83962674978265,44.42130539256875,64.15286952377086,35.64511910211281,30.847510187591528,63.914415173754705,0.0,61.16783961511329,45.205132380003,52.087983632899885,58.50908713288845,33.562611675561726,61.43390764410179,40.95613618172506,55.047727952318596,34.91080951676671,62.25208411262988,12.041946924548458,57.594144472856776,73.02780968967016,48.409610977894374,68.55418952999703
