0.0,50.30434429203725,38.25610485472579,33.92371506347747,25.447465304233948,50.333492543433,34.429120602066504,50.50634170329822,76.9629358304542,77.2963131962865,42.071311742879786,83.84836207497861,70.36265271045677,74.71205523779223,12.790866167978079,23.639399423720995,16.588907755081465,85.5151309199928,65.81918067774289,76.9125022514296,39.91351496682572,13.999300438144182,54.93652769643433,63.22875300503248,45.140531884154605,88.44894760782117,35.87668918634504,50.66462457726203,48.94992618562886,82.15256244631223,53.56535485850114,78.5045916499796,91.28268766262549,41.33574417559569,41.9013193501808,52.67371920269934,80.30725749817125,76.68772651758347,66.2320609196761,11.57006087473785,32.85557282740434,4.219091239519381,46.34592154870147,51.05323313629627,29.393422549462,43.81208827053193,58.22294110754752
50.30434429203725,0.0,22.151886758657046,62.916790168631934,53.42547090714511,69.36151138228297,32.29321659788799,34.27079434830856,53.51245060768691,46.46082374037315,49.00522484202221,36.97259348760794,25.617305993869508,39.53868511611168,46.77898860590685,57.446109922561206,47.646015186372736,35.75468914577739,55.1664136212512,26.62871468979145,11.50710825946724,38.843907617364394,55.1949705758713,50.99956755913323,27.13718971464364,50.59127645194709,57.18740054687767,21.253364617602504,54.37804060705293,40.29125628370047,30.729410470176234,28.389248381950466,49.6715585314556,64.89964134045361,16.37436826602146,79.37499714691573,40.08978016837136,31.152512645708562,16.23518434167362,54.986213506089946,22.556036017554987,54.3143202454462,59.653338838163044,37.486552337742175,20.95000370989851,25.561499324734942,9.40146865669082
38.25610485472579,22.151886758657046,0.0,62.26994938244817,51.834197344514806,47.212725884840914,38.63127146599314,48.30335972483773,42.77634523192456,40.368820757191,26.974920664562106,58.76624592849567,33.13868894651269,36.744704756134006,40.6156064300964,37.71114525169847,29.49848276216584,55.712834603424625,38.05534048692042,45.43544424573531,12.430174105017507,24.365961696477004,34.60450562756556,34.15777333936335,9.001013975308506,50.389896087619235,59.12242217697742,12.40916523282477,32.7819144814031,43.95563606365297,46.94066146418819,45.135292516202895,71.80905867651393,42.93755295391026,28.973282245704564,57.33903264810215,62.05079980667233,39.38842640145765,36.8611433862251,38.6942267915925,5.996759890287664,42.45694946755198,65.28184961209834,19.37156998460322,15.830702826153058,38.21255394790852,31.4476937112607
33.92371506347747,62.916790168631934,62.26994938244817,0.0,10.445295803965818,84.24726446729343,31.651885643061497,41.61561889493878,104.79235322204335,102.43923081356434,74.6151364057602,85.33685947015454,87.96836534155297,97.83148502010434,23.38371784130566,57.3619094362751,50.177795619864185,91.57277956665482,96.5822776464552,86.03841738911579,57.09509622883644,43.46559113976197,87.2834835398081,93.42015020162584,70.97120323986799,110.84653679167923,8.359060257611091,73.36214685780227,81.78429575838513,102.04046615979159,47.18374927740823,89.5653126576645,86.26373090340462,75.20739830631915,47.63879082718041,85.84525802340559,76.04092017558904,93.86197445804657,75.2195675801738,44.82483954379446,56.29530443154369,32.47228718985157,17.826365643064072,79.58581854850902,47.357866507482825,42.10758464351331,67.02119377627476
25.447465304233948,53.42547090714511,51.834197344514806,10.445295803965818,0.0,75.5170344325599,23.58863089118677,36.305558724309414,94.34906860644209,92.04016629859031,64.76357325703252,78.4068751477417,78.13228004496656,87.53094866677132,13.602785994150402,49.07796598008002,41.008726802921416,83.68934139111491,86.3128852721427,77.4775525058509,46.98186930811887,33.479044073750245,77.32127274900664,83.09819059904943,60.52602327422124,100.63181146188732,10.457388758410241,63.006333792592834,71.99085406754394,92.02941601412626,41.356849473151975,80.69739486927551,81.08748362253004,66.64320210472384,38.81078870120645,78.08807961400109,70.47333748174762,84.11799015958621,66.5314823439346,36.878930812466706,45.85589963634885,24.94525328052756,21.272671464436026,69.18334578022568,37.037743280958196,34.64684130963441,58.21834742644168
50.333492543433,69.36151138228297,47.212725884840914,84.24726446729343,75.5170344325599,0.0,76.07069226951768,90.1994313725993,53.13357391475985,60.8265098332997,20.693844315688434,105.63263676832587,72.5639648336358,64.04177936129645,62.082746871209025,27.118691217713852,34.673042196299846,101.15184945828115,35.62025411909573,90.51145409945346,59.033449970475914,44.285531990197704,22.39182154224702,36.52633771089141,44.08400484965084,75.34024984737212,85.7824657821872,52.64989244905832,17.89892142581403,76.0779017092283,90.60758518044524,88.83447282255159,119.02044696775634,9.21323429586488,73.23066345268226,12.493849010084777,109.16632491934499,77.48916082743969,83.36803617740794,39.73335456575038,48.11015812619601,52.04205829719932,95.64883367619005,37.76643751243948,56.137469126615834,80.62937348909232,78.60938309854487
34.429120602066504,32.29321659788799,38.63127146599314,31.651885643061497,23.58863089118677,76.07069226951768,0.0,16.078278279842724,80.54985990089803,75.9228096752562,59.991648834217656,54.91182379470653,57.87372331002811,70.10073462142049,23.806127343818954,53.72760891392372,43.19437025573163,60.16806389489513,76.51798386380891,54.38659873599321,29.377497686640112,32.347224059547344,70.90228521634673,72.71305526826748,47.54374979265792,82.22537063323455,25.108822298836337,47.02789801393359,67.12636643744753,72.4309046135114,19.537905206219527,57.97685890517046,58.85098251401436,68.4824108258912,16.24131066351729,82.16631165057117,47.9788826523597,63.43507583314954,43.58799120350226,44.61916858807523,33.539897699633514,36.81909897362768,27.77693077146824,57.9410964557456,23.046151910568696,11.173842675619351,35.44740074809289
50.50634170329822,34.27079434830856,48.30335972483773,41.61561889493878,36.305558724309414,90.1994313725993,16.078278279842724,0.0,87.16798056986327,80.69285680483424,72.68694752960715,44.36970454841476,58.645151161192416,73.7932225129192,39.55205396856673,69.23280202498243,58.5441245839756,52.24292412713862,86.06640620590453,49.094285580015,36.700701098703234,47.55315144237273,82.46973682849378,82.03343844763212,56.529685757533706,84.34303277982748,33.54333121569731,53.64741168917908,79.52478034066444,73.40844702122702,5.864454795009884,53.74732319891247,44.86403045747858,83.11592179207881,19.64970580557668,97.13550594710732,34.45148110914,63.22099288542786,39.601408497714964,60.603620687921506,44.39408736422649,52.82773449587967,30.47174159891223,67.39713705826149,34.58903482750935,10.09500967055678,32.968693417979
76.9629358304542,53.51245060768691,42.77634523192456,104.79235322204335,94.34906860644209,53.13357391475985,80.54985990089803,87.16798056986327,0.0,11.411082912585412,39.8888725199882,77.62517850793046,36.69161454926347,19.12864418528842,82.34556672343602,64.86139621468874,62.71779413050692,68.09832558200726,17.60918532232761,58.571684463655444,51.376268966988626,63.4425515887701,30.99023402122673,16.896760325388474,33.87910749229846,24.325771562976723,101.8963891522778,33.73723208759518,36.95164366754397,30.31508954507317,84.14680694515279,54.21262081128805,94.45835378762618,56.56366030694616,67.75508486816848,65.47495107408298,87.90980893267484,37.766675058062944,57.83436979775114,72.67466856090589,48.64243097503875,80.80830102015275,107.82316415410705,25.913024497688973,58.46804482000786,77.58778943652527,58.748719920616956
77.2963131962865,46.46082374037315,40.368820757191,102.43923081356434,92.04016629859031,60.8265098332997,75.9228096752562,80.69285680483424,11.411082912585412,0.0,44.76892043973735,67.15856212066977,26.42491847967393,8.250245347078325,80.96106681800754,68.51404371497487,64.6115071768878,57.18230337446325,26.71707065682226,47.995114562092695,46.58257162957171,63.365519548583556,38.45611179522068,24.574298044273743,32.288531317958125,14.525748336342174,98.71009683895693,29.210226516944385,43.505507545307744,18.909671063380998,77.12886132130316,43.378769139091574,84.16570505774902,62.900420131554434,61.838769784328754,73.31702608641183,78.18986743416373,26.714185161116337,48.372454628459096,74.67030202659777,46.36005659465815,81.35137770163958,103.62183412891918,27.703224400384013,55.18145551541607,71.56619308557497,50.37564476314266
42.071311742879786,49.00522484202221,26.974920664562106,74.6151364057602,64.76357325703252,20.693844315688434,59.991648834217656,72.68694752960715,39.8888725199882,44.76892043973735,0.0,84.99814478678202,52.49333028035886,46.229053793464395,51.266189506674905,25.24301037200332,25.743608354142232,80.48314452931248,25.01499674784751,69.85505485534797,39.1769511993436,31.305182542347712,12.867058207573919,23.53438031808018,23.404454008545425,58.81559097287384,74.28652520866721,32.0302339322458,7.298854186170776,57.608229646985215,72.34302955165613,68.3101509163743,98.6622512684571,18.976063024709983,54.5087175723869,32.05419343346591,89.01354907708566,57.74674450208144,62.70045493657939,34.799078065880515,28.821444731447336,45.17768320590869,82.95091242107947,18.389503982534194,38.097963740266906,62.75938664771821,58.147672674452615
83.84836207497861,36.97259348760794,58.76624592849567,85.33685947015454,78.4068751477417,105.63263676832587,54.91182379470653,44.36970454841476,77.62517850793046,67.15856212066977,84.99814478678202,0.0,40.93361367512068,58.9127020300817,76.8526830176082,94.17583627095235,84.05287902212966,12.39961404590247,85.56987651167307,19.182642923056736,48.342073708127984,74.40108327932442,89.16374441117945,81.5617786164618,61.88897713758831,62.734647538313325,77.57644076828527,53.914961554724755,89.58794812976481,51.16260093749313,38.535557171562935,24.20690228160654,17.18210408669529,101.6994114140638,42.136372125421325,116.09829416515579,15.286247414652717,40.891101249620434,22.38058414524885,90.46820267366203,59.516912482642326,87.43237775828464,74.64544643820729,70.66454361723947,56.10905681844248,43.77058289535359,27.58597440533061
70.36265271045677,25.617305993869508,33.13868894651269,87.96836534155297,78.13228004496656,72.5639648336358,57.87372331002811,58.645151161192416,36.69161454926347,26.42491847967393,52.49333028035886,40.93361367512068,0.0,18.200320551964122,69.79700250931626,70.10264102538694,62.58578514313578,31.867029740833143,46.08764726976516,21.929554699232586,31.580573468832466,56.93851855099678,52.58369349059272,42.36154625279289,30.26719817986816,25.863165044674332,82.61098120910378,21.77141422374982,54.9092547004848,14.796403558149514,54.19582124197924,18.0115992593153,57.81820286645787,71.26663065061571,41.96832584669225,84.47057799505689,51.81519676843796,6.325632614785445,22.347955623522836,71.81882678492813,37.72786185374015,74.57450712391986,85.25804707340522,34.8501300013484,42.3383122003424,50.811092694633885,26.06362931977166
74.71205523779223,39.53868511611168,36.744704756134006,97.83148502010434,87.53094866677132,64.04177936129645,70.10073462142049,73.7932225129192,19.12864418528842,8.250245347078325,46.229053793464395,58.9127020300817,18.200320551964122,0.0,77.15843995280889,68.4585027679911,63.33884721161457,49.03938993714101,32.071445610891374,39.75524684503513,41.08285777115009,60.71434076974132,42.069104628650834,29.152672242293175,29.73502104820979,13.758441265067813,93.60286599458698,24.66116215306778,46.249620404535044,12.399758689163619,69.96841243287952,35.19509995786962,75.91547790120995,64.99222021835355,55.386149281986114,76.48702311144493,70.00117859106754,18.641207580962092,40.288482363427214,73.30283860869758,42.594989215481895,78.86366985590766,97.87712146315488,28.0484221505841,50.493231633520935,64.96784295566111,42.71311414697896
12.790866167978079,46.77898860590685,40.6156064300964,23.38371784130566,13.602785994150402,62.082746871209025,23.806127343818954,39.55205396856673,82.34556672343602,80.96106681800754,51.266189506674905,76.8526830176082,69.79700250931626,77.15843995280889,0.0,36.01883264922372,27.474355703927497,80.18751793790514,73.34013166733095,72.63189362418893,38.225683767123364,20.084182881328015,63.904537255334915,70.27741180361076,48.86973677120336,90.61827473433108,23.704310176054353,52.50306709866647,58.46496139428216,82.91847048112872,43.343920039441066,75.06179815142943,82.38175331424901,53.308768385583065,34.922152183297634,65.22709369077872,71.43655663428106,76.01096971025298,61.64743891845606,24.33611227371304,34.64992060101052,13.765855543511924,33.78397462057001,56.76470151968467,27.48014752240307,34.35188339284072,53.31498506112542
23.639399423720995,57.446109922561206,37.71114525169847,57.3619094362751,49.07796598008002,27.118691217713852,53.72760891392372,69.23280202498243,64.86139621468874,68.51404371497487,25.24301037200332,94.17583627095235,70.10264102538694,68.4585027679911,36.01883264922372,0.0,10.789213983534943,92.78623142757846,50.17868768854754,82.80931377957076,45.94557343187674,21.77542288405262,37.06968260888992,48.763102290446795,40.18600575380881,81.83329731410507,59.48736727244086,48.34584603141554,30.399351327737016,78.54289566939418,70.94129737988018,82.81209107050171,104.80026227956253,17.94491000868128,55.48643057364182,29.248773989634476,94.13904709036986,76.12523405192107,73.4328462043779,12.627087558894186,35.09822978882037,24.981667310704236,69.80017357165896,40.84803925460675,38.72735209787251,60.70095444410614,66.6934482012921
16.588907755081465,47.646015186372736,29.49848276216584,50.177795619864185,41.008726802921416,34.673042196299846,43.19437025573163,58.5441245839756,62.71779413050692,64.6115071768878,25.743608354142232,84.05287902212966,62.58578514313578,63.33884721161457,27.474355703927497,10.789213983534943,0.0,83.28211681986232,50.13597197131837,73.57051427056491,36.16273237462006,11.010663470256326,38.58977622086807,47.900797339202725,33.85202248035505,77.02276051593084,51.1736371073956,41.174537945576404,32.45101833499184,72.39764101403568,60.165246878091814,73.99420694808956,94.24305147665052,26.116749952834606,44.76604740393215,39.10658087733252,83.52604578725573,68.7882086797676,63.80528105918458,10.060900445440208,25.868028958523915,19.450773817738863,60.97805029717378,37.20718138832009,28.207728953668497,49.923478082345994,56.736888438217655
85.5151309199928,35.75468914577739,55.712834603424625,91.57277956665482,83.68934139111491,101.15184945828115,60.16806389489513,52.24292412713862,68.09832558200726,57.18230337446325,80.48314452931248,12.39961404590247,31.867029740833143,49.03938993714101,80.18751793790514,92.78623142757846,83.28211681986232,0.0,77.79135218821374,10.674267083469296,47.14508721890238,74.57877526400667,83.00147803608635,73.95328574407151,57.07898860225682,51.34429191151607,84.26126027127461,48.52864166342019,84.27131762732488,40.07471904463342,46.41451361666325,13.91313144828649,28.952641678949274,98.20559187424438,45.42519334366961,112.28992261785527,27.451814417794083,30.48199823015745,19.519771369310547,90.73314536811141,57.689114105717955,89.3779626079169,82.68869554134059,64.58847205909409,56.48706065956908,49.46698084104254,27.29229657164844
65.81918067774289,55.1664136212512,38.05534048692042,96.5822776464552,86.3128852721427,35.62025411909573,76.51798386380891,86.06640620590453,17.60918532232761,26.71707065682226,25.01499674784751,85.56987651167307,46.08764726976516,32.071445610891374,73.34013166733095,50.17868768854754,50.13597197131837,77.79135218821374,0.0,67.43913801246549,49.400400299093334,53.410177978140155,13.939522621111713,4.1696036761498485,29.53751322252606,41.03549072248028,94.97235058256639,33.92875966245738,20.42765593890454,44.44020171296828,84.14017722964572,64.0589872912973,101.52368350939962,39.68979045160195,66.4727734833868,47.89882975768898,93.54424770268216,49.17288499027845,63.91812923285204,59.61123909564808,42.99282425800181,69.27982089657144,102.33719780075226,18.707663474370097,53.48411257479292,76.02703193377148,62.502356690817656
76.9125022514296,26.62871468979145,45.43544424573531,86.03841738911579,77.4775525058509,90.51145409945346,54.38659873599321,49.094285580015,58.571684463655444,47.995114562092695,69.85505485534797,19.182642923056736,21.929554699232586,39.75524684503513,72.63189362418893,82.80931377957076,73.57051427056491,10.674267083469296,67.43913801246549,0.0,37.66347803007308,65.33182173600142,72.35540523776805,63.54595572087233,46.45597630991894,43.97556301687393,79.21055050031455,37.87247514485401,73.59777626755725,32.25569625275966,43.53864257115403,5.581990369399088,36.29710040996907,87.68988949961792,38.6761081589992,101.71283990019164,31.76658019496362,21.76313152171709,11.013586998003271,81.40529625060344,47.785866122785414,80.89452637064228,78.96196524361653,53.925315696692024,47.57869691259222,44.423288978058316,19.384015585304475
39.91351496682572,11.50710825946724,12.430174105017507,57.09509622883644,46.98186930811887,59.033449970475914,29.377497686640112,36.700701098703234,51.376268966988626,46.58257162957171,39.1769511993436,48.342073708127984,31.580573468832466,41.08285777115009,38.225683767123364,45.94557343187674,36.16273237462006,47.14508721890238,49.400400299093334,37.66347803007308,0.0,27.693600526443987,46.98035684762563,45.346471747588076,19.89681545262036,53.79893368567442,52.540629521229505,17.690937877589764,45.18111380353773,45.079606248538724,34.83839783703983,38.72899832276485,60.24914102795232,54.0069921369453,17.074641329849396,68.53867553369278,50.1713528754718,37.7853662675466,27.647249429147404,43.74181822287326,11.26471874668581,44.04174181964217,57.039349448065344,30.791697623018248,10.846572530774024,26.725893398146194,20.776869533345522
13.999300438144182,38.843907617364394,24.365961696477004,43.46559113976197,33.479044073750245,44.285531990197704,32.347224059547344,47.55315144237273,63.4425515887701,63.365519548583556,31.305182542347712,74.40108327932442,56.93851855099678,60.71434076974132,20.084182881328015,21.77542288405262,11.010663470256326,74.57877526400667,53.410177978140155,65.33182173600142,27.693600526443987,0.0,43.84906384769933,50.4880473963025,31.157505577806592,74.454060602422,43.01675947759502,36.766647370434306,38.5602279414137,68.31879284735257,49.16596212860007,66.36103864529441,83.83972293278092,36.282859378143016,34.10749179133383,49.819482664139834,73.03230247335073,63.257351218179416,55.069036393069624,16.16714890422799,19.2174981725972,18.155183069283368,52.03388467255013,37.562683946806054,18.305718985001032,38.92605482642249,47.532840519089994
54.93652769643433,55.1949705758713,34.60450562756556,87.2834835398081,77.32127274900664,22.39182154224702,70.90228521634673,82.46973682849378,30.99023402122673,38.45611179522068,12.867058207573919,89.16374441117945,52.58369349059272,42.069104628650834,63.904537255334915,37.06968260888992,38.58977622086807,83.00147803608635,13.939522621111713,72.35540523776805,46.98035684762563,43.84906384769933,0.0,14.18764405955436,28.061546084823103,52.978562390790195,86.65343199308947,35.29375049837438,6.707008719165319,54.31054500119623,81.46678375439272,69.8674158315293,104.03980881119577,25.7610042809079,63.47499971755713,34.871170515889204,95.08445670346957,56.87262599493886,66.84826875685906,47.44654741069393,38.08172544661029,58.03407225242337,94.97311501112152,18.512476742942976,48.2187111488619,72.39634968018477,63.704574944417345
63.22875300503248,50.99956755913323,34.15777333936335,93.42015020162584,83.09819059904943,36.52633771089141,72.71305526826748,82.03343844763212,16.896760325388474,24.574298044273743,23.53438031808018,81.5617786164618,42.36154625279289,29.152672242293175,70.27741180361076,48.763102290446795,47.900797339202725,73.95328574407151,4.1696036761498485,63.54595572087233,45.346471747588076,50.4880473963025,14.18764405955436,0.0,25.526157332699807,39.0774684018497,91.58619322076419,29.759770896306602,20.060813569621615,41.55156122932858,80.04570707797424,60.280344708899456,97.44418491838451,39.666994533185076,62.42109516579483,48.97079099717514,89.40953410837118,45.69566932621993,59.83371598633296,57.58090089121032,39.23636235068552,66.80569793111673,98.75316375862222,14.787085096441869,49.709313614733944,72.00961575185623,58.342246123305934
45.140531884154605,27.13718971464364,9.001013975308506,70.97120323986799,60.52602327422124,44.08400484965084,47.54374979265792,56.529685757533706,33.87910749229846,32.288531317958125,23.404454008545425,61.88897713758831,30.26719817986816,29.73502104820979,48.86973677120336,40.18600575380881,33.85202248035505,57.07898860225682,29.53751322252606,46.45597630991894,19.89681545262036,31.157505577806592,28.061546084823103,25.526157332699807,0.0,43.49147593432906,68.03684764906845,8.768888211775986,27.718421298100278,38.60244786584395,54.71734768971585,45.06644422920289,76.20048175536105,41.50364397107799,36.952606486037325,55.304053591230804,67.06102685182601,36.092513778888545,39.51751277813595,43.704057654254584,14.767361594865134,49.251034979386695,74.2828633554637,10.895361479637343,24.83056470947388,46.49075217695856,35.72136481836674
88.44894760782117,50.59127645194709,50.389896087619235,110.84653679167923,100.63181146188732,75.34024984737212,82.22537063323455,84.34303277982748,24.325771562976723,14.525748336342174,58.81559097287384,62.734647538313325,25.863165044674332,13.758441265067813,90.61827473433108,81.83329731410507,77.02276051593084,51.34429191151607,41.03549072248028,43.97556301687393,53.79893368567442,74.454060602422,52.978562390790195,39.0774684018497,43.49147593432906,0.0,106.27536898945873,38.156408311694804,57.935018219500975,11.806219731300416,80.01854535612263,38.60540685672778,79.89741580855674,77.2123658908068,66.8786046539651,87.83261586922274,75.64751633931861,22.681760957993397,47.653677812402975,87.00965934282165,56.17803415077625,92.6068071054363,109.93869282088049,41.08824082890862,63.655194782669355,76.12905402712256,51.92649373290309
35.87668918634504,57.18740054687767,59.12242217697742,8.359060257611091,10.457388758410241,85.7824657821872,25.108822298836337,33.54333121569731,101.8963891522778,98.71009683895693,74.28652520866721,77.57644076828527,82.61098120910378,93.60286599458698,23.704310176054353,59.48736727244086,51.1736371073956,84.26126027127461,94.97235058256639,79.21055050031455,52.540629521229505,43.01675947759502,86.65343199308947,91.58619322076419,68.03684764906845,106.27536898945873,0.0,69.5007122699595,81.5610894873315,96.97188636537,39.20933293907508,82.9871517135441,78.0254952558416,76.97055320402777,41.34474004269607,88.53600702496527,67.89048396821758,88.32410599447984,68.54578641604914,47.3329177852913,53.27122350343849,35.37949661772828,11.098210565350916,77.31825035867047,43.59871225471255,34.89172875948682,60.49914545593926
50.66462457726203,21.253364617602504,12.40916523282477,73.36214685780227,63.006333792592834,52.64989244905832,47.02789801393359,53.64741168917908,33.73723208759518,29.210226516944385,32.0302339322458,53.914961554724755,21.77141422374982,24.66116215306778,52.50306709866647,48.34584603141554,41.174537945576404,48.52864166342019,33.92875966245738,37.87247514485401,17.690937877589764,36.766647370434306,35.29375049837438,29.759770896306602,8.768888211775986,38.156408311694804,69.5007122699595,0.0,35.83660061039249,31.582220962636647,51.017795857016374,36.32232471183003,68.81291921191965,50.269533248140796,34.09930088241612,64.01427648570677,60.15367114965435,27.79020210477927,31.565513356586045,50.70978544254734,18.040849572350325,54.86609525535324,74.58370088264239,16.88454542828099,26.020457880751618,43.925532604382724,28.81762408911082
48.94992618562886,54.37804060705293,32.7819144814031,81.78429575838513,71.99085406754394,17.89892142581403,67.12636643744753,79.52478034066444,36.95164366754397,43.505507545307744,7.298854186170776,89.58794812976481,54.9092547004848,46.249620404535044,58.46496139428216,30.399351327737016,32.45101833499184,84.27131762732488,20.42765593890454,73.59777626755725,45.18111380353773,38.5602279414137,6.707008719165319,20.060813569621615,27.718421298100278,57.935018219500975,81.5610894873315,35.83660061039249,0.0,58.208327851868255,78.96375754461053,71.57473269169967,103.83010908058105,19.626904792363057,61.03595829192354,30.261115811031058,94.46671784283988,59.68587380313195,67.20853702009822,41.01431206537427,35.33064943542639,51.88963465036437,90.2497391560594,20.06150124504807,44.967734170860304,69.5360720242021,63.28493653283751
82.15256244631223,40.29125628370047,43.95563606365297,102.04046615979159,92.02941601412626,76.0779017092283,72.4309046135114,73.40844702122702,30.31508954507317,18.909671063380998,57.608229646985215,51.16260093749313,14.796403558149514,12.399758689163619,82.91847048112872,78.54289566939418,72.39764101403568,40.07471904463342,44.44020171296828,32.25569625275966,45.079606248538724,68.31879284735257,54.31054500119623,41.55156122932858,38.60244786584395,11.806219731300416,96.97188636537,31.582220962636647,58.208327851868255,0.0,68.87406726596733,26.966328891988706,68.34374053012309,76.53573389958447,56.66512784007944,88.46794675173186,63.8673780337182,10.894148176238765,35.96718680475084,82.12686792583742,49.326555925649416,86.36505557446227,99.93896324360423,39.225115335340384,55.51013740672784,65.5974708929719,40.66420455136364
53.56535485850114,30.729410470176234,46.94066146418819,47.18374927740823,41.356849473151975,90.60758518044524,19.537905206219527,5.864454795009884,84.14680694515279,77.12886132130316,72.34302955165613,38.535557171562935,54.19582124197924,69.96841243287952,43.343920039441066,70.94129737988018,60.165246878091814,46.41451361666325,84.14017722964572,43.53864257115403,34.83839783703983,49.16596212860007,81.46678375439272,80.04570707797424,54.71734768971585,80.01854535612263,39.20933293907508,51.017795857016374,78.96375754461053,68.87406726596733,0.0,48.31760100074685,39.761157244716635,83.93521623125265,17.991915926703047,98.17368368786471,29.121848094856126,58.49093440404068,34.36637991042359,63.107344990973104,43.63416135778949,56.2010149919801,36.3293990983155,65.61048180353505,34.49913048601201,10.242481943960707,28.225936505990507
78.5045916499796,28.389248381950466,45.135292516202895,89.5653126576645,80.69739486927551,88.83447282255159,57.97685890517046,53.74732319891247,54.21262081128805,43.378769139091574,68.3101509163743,24.20690228160654,18.0115992593153,35.19509995786962,75.06179815142943,82.81209107050171,73.99420694808956,13.91313144828649,64.0589872912973,5.581990369399088,38.72899832276485,66.36103864529441,69.8674158315293,60.280344708899456,45.06644422920289,38.60540685672778,82.9871517135441,36.32232471183003,71.57473269169967,26.966328891988706,48.31760100074685,0.0,41.38857482238721,86.5539145264718,41.95303034186376,100.33004776706609,37.289994507761946,16.78323885774042,14.476592477424068,82.25919007883425,48.12848147150521,82.5710199786252,83.26450189619474,51.64349184903361,49.11945606771752,48.448984863574815,22.54412134974229
91.28268766262549,49.6715585314556,71.80905867651393,86.26373090340462,81.08748362253004,119.02044696775634,58.85098251401436,44.86403045747858,94.45835378762618,84.16570505774902,98.6622512684571,17.18210408669529,57.81820286645787,75.91547790120995,82.38175331424901,104.80026227956253,94.24305147665052,28.952641678949274,101.52368350939962,36.29710040996907,60.24914102795232,83.83972293278092,104.03980881119577,97.44418491838451,76.20048175536105,79.89741580855674,78.0254952558416,68.81291921191965,103.83010908058105,68.34374053012309,39.761157244716635,41.38857482238721,0.0,114.25587871147447,49.847027674891606,128.78740516001935,10.981242596788592,58.045938374205534,37.61129586829462,99.38012486340868,71.47569269279437,94.42400760882065,72.75872944717611,85.69733957595423,66.0741043471014,48.029886768425186,40.554596379925194
41.33574417559569,64.89964134045361,42.93755295391026,75.20739830631915,66.64320210472384,9.21323429586488,68.4824108258912,83.11592179207881,56.56366030694616,62.900420131554434,18.976063024709983,101.6994114140638,71.26663065061571,64.99222021835355,53.308768385583065,17.94491000868128,26.116749952834606,98.20559187424438,39.68979045160195,87.68988949961792,54.0069921369453,36.282859378143016,25.7610042809079,39.666994533185076,41.50364397107799,77.2123658908068,76.97055320402777,50.269533248140796,19.626904792363057,76.53573389958447,83.93521623125265,86.5539145264718,114.25587871147447,0.0,67.01212384902895,14.542678091290153,104.08750451825563,76.64161122380285,79.73550975568006,30.57115316424779,42.7942059390075,42.910149642272856,87.00466947092373,37.34833907250689,49.75853202136154,73.80949665236602,74.27946631412169
41.9013193501808,16.37436826602146,28.973282245704564,47.63879082718041,38.81078870120645,73.23066345268226,16.24131066351729,19.64970580557668,67.75508486816848,61.838769784328754,54.5087175723869,42.136372125421325,41.96832584669225,55.386149281986114,34.922152183297634,55.48643057364182,44.76604740393215,45.42519334366961,66.4727734833868,38.6761081589992,17.074641329849396,34.10749179133383,63.47499971755713,62.42109516579483,36.952606486037325,66.8786046539651,41.34474004269607,34.09930088241612,61.03595829192354,56.66512784007944,17.991915926703047,41.95303034186376,49.847027674891606,67.01212384902895,0.0,81.43720238026738,38.971873901935275,47.35924704267862,27.720792450054176,49.53465867355224,25.716206436917954,45.36413938331287,43.28972878336713,47.84080921175105,17.260810989644522,9.832909730731012,19.424767804083206
52.67371920269934,79.37499714691573,57.33903264810215,85.84525802340559,78.08807961400109,12.493849010084777,82.16631165057117,97.13550594710732,65.47495107408298,73.31702608641183,32.05419343346591,116.09829416515579,84.47057799505689,76.48702311144493,65.22709369077872,29.248773989634476,39.10658087733252,112.28992261785527,47.89882975768898,101.71283990019164,68.53867553369278,49.819482664139834,34.871170515889204,48.97079099717514,55.304053591230804,87.83261586922274,88.53600702496527,64.01427648570677,30.261115811031058,88.46794675173186,98.17368368786471,100.33004776706609,128.78740516001935,14.542678091290153,81.43720238026738,0.0,118.63010183015729,89.56311509358731,94.03713855221233,41.21854705270414,57.33441345251297,53.42609453125231,98.98420553409116,49.84938391634139,64.17639143461753,87.99911510906882,88.74084178109634
80.30725749817125,40.08978016837136,62.05079980667233,76.04092017558904,70.47333748174762,109.16632491934499,47.9788826523597,34.45148110914,87.90980893267484,78.18986743416373,89.01354907708566,15.286247414652717,51.81519676843796,70.00117859106754,71.43655663428106,94.13904709036986,83.52604578725573,27.451814417794083,93.54424770268216,31.76658019496362,50.1713528754718,73.03230247335073,95.08445670346957,89.40953410837118,67.06102685182601,75.64751633931861,67.89048396821758,60.15367114965435,94.46671784283988,63.8673780337182,29.121848094856126,37.289994507761946,10.981242596788592,104.08750451825563,38.971873901935275,118.63010183015729,0.0,53.12726490055608,30.106327445385947,88.48369556112937,61.304781629272604,83.44276521267163,63.322023623526746,76.97137556902395,55.42519776782228,37.08855550474516,31.39414946454394
76.68772651758347,31.152512645708562,39.38842640145765,93.86197445804657,84.11799015958621,77.48916082743969,63.43507583314954,63.22099288542786,37.766675058062944,26.714185161116337,57.74674450208144,40.891101249620434,6.325632614785445,18.641207580962092,76.01096971025298,76.12523405192107,68.7882086797676,30.48199823015745,49.17288499027845,21.76313152171709,37.7853662675466,63.257351218179416,56.87262599493886,45.69566932621993,36.092513778888545,22.681760957993397,88.32410599447984,27.79020210477927,59.68587380313195,10.894148176238765,58.49093440404068,16.78323885774042,58.045938374205534,76.64161122380285,47.35924704267862,89.56311509358731,53.12726490055608,0.0,25.12699527880187,78.08108157732607,44.04376395912237,80.89926850609596,90.58805164129346,39.73260042514816,48.578371770817206,55.864415003701275,30.283469223468675
66.2320609196761,16.23518434167362,36.8611433862251,75.2195675801738,66.5314823439346,83.36803617740794,43.58799120350226,39.601408497714964,57.83436979775114,48.372454628459096,62.70045493657939,22.38058414524885,22.347955623522836,40.288482363427214,61.64743891845606,73.4328462043779,63.80528105918458,19.519771369310547,63.91812923285204,11.013586998003271,27.647249429147404,55.069036393069624,66.84826875685906,59.83371598633296,39.51751277813595,47.653677812402975,68.54578641604914,31.565513356586045,67.20853702009822,35.96718680475084,34.36637991042359,14.476592477424068,37.61129586829462,79.73550975568006,27.720792450054176,94.03713855221233,30.106327445385947,25.12699527880187,0.0,71.21821792312348,38.35484381870607,70.16253560126714,68.83101136223446,48.37564034678913,37.0414188395575,33.97463880703524,8.3706611852143
11.57006087473785,54.986213506089946,38.6942267915925,44.82483954379446,36.878930812466706,39.73335456575038,44.61916858807523,60.603620687921506,72.67466856090589,74.67030202659777,34.799078065880515,90.46820267366203,71.81882678492813,73.30283860869758,24.33611227371304,12.627087558894186,10.060900445440208,90.73314536811141,59.61123909564808,81.40529625060344,43.74181822287326,16.16714890422799,47.44654741069393,57.58090089121032,43.704057654254584,87.00965934282165,47.3329177852913,50.70978544254734,41.01431206537427,82.12686792583742,63.107344990973104,82.25919007883425,99.38012486340868,30.57115316424779,49.53465867355224,41.21854705270414,88.48369556112937,78.08108157732607,71.21821792312348,0.0,34.39590978959421,12.376015232433666,57.892625417842865,47.253444400946584,34.43872871657472,53.0347898105282,63.69812066697671
32.85557282740434,22.556036017554987,5.996759890287664,56.29530443154369,45.85589963634885,48.11015812619601,33.539897699633514,44.39408736422649,48.64243097503875,46.36005659465815,28.821444731447336,59.516912482642326,37.72786185374015,42.594989215481895,34.64992060101052,35.09822978882037,25.868028958523915,57.689114105717955,42.99282425800181,47.785866122785414,11.26471874668581,19.2174981725972,38.08172544661029,39.23636235068552,14.767361594865134,56.17803415077625,53.27122350343849,18.040849572350325,35.33064943542639,49.326555925649416,43.63416135778949,48.12848147150521,71.47569269279437,42.7942059390075,25.716206436917954,57.33441345251297,61.304781629272604,44.04376395912237,38.35484381870607,34.39590978959421,0.0,37.07354363848063,59.702565928918894,24.523010438391207,10.494693453264071,34.33345200897001,31.930966020710777
4.219091239519381,54.3143202454462,42.45694946755198,32.47228718985157,24.94525328052756,52.04205829719932,36.81909897362768,52.82773449587967,80.80830102015275,81.35137770163958,45.17768320590869,87.43237775828464,74.57450712391986,78.86366985590766,13.765855543511924,24.981667310704236,19.450773817738863,89.3779626079169,69.27982089657144,80.89452637064228,44.04174181964217,18.155183069283368,58.03407225242337,66.80569793111673,49.251034979386695,92.6068071054363,35.37949661772828,54.86609525535324,51.88963465036437,86.36505557446227,56.2010149919801,82.5710199786252,94.42400760882065,42.910149642272856,45.36413938331287,53.42609453125231,83.44276521267163,80.89926850609596,70.16253560126714,12.376015232433666,37.07354363848063,0.0,46.17360709124683,54.918706810625494,33.452015694299924,46.66882580886041,62.09493028482228
46.34592154870147,59.653338838163044,65.28184961209834,17.826365643064072,21.272671464436026,95.64883367619005,27.77693077146824,30.47174159891223,107.82316415410705,103.62183412891918,82.95091242107947,74.64544643820729,85.25804707340522,97.87712146315488,33.78397462057001,69.80017357165896,60.97805029717378,82.68869554134059,102.33719780075226,78.96196524361653,57.039349448065344,52.03388467255013,94.97311501112152,98.75316375862222,74.2828633554637,109.93869282088049,11.098210565350916,74.58370088264239,90.2497391560594,99.93896324360423,36.3293990983155,83.26450189619474,72.75872944717611,87.00466947092373,43.28972878336713,98.98420553409116,63.322023623526746,90.58805164129346,68.83101136223446,57.892625417842865,59.702565928918894,46.17360709124683,0.0,84.17305913625552,49.455444356978255,34.99290601004518,61.296420473963956
51.05323313629627,37.486552337742175,19.37156998460322,79.58581854850902,69.18334578022568,37.76643751243948,57.9410964557456,67.39713705826149,25.913024497688973,27.703224400384013,18.389503982534194,70.66454361723947,34.8501300013484,28.0484221505841,56.76470151968467,40.84803925460675,37.20718138832009,64.58847205909409,18.707663474370097,53.925315696692024,30.791697623018248,37.562683946806054,18.512476742942976,14.787085096441869,10.895361479637343,41.08824082890862,77.31825035867047,16.88454542828099,20.06150124504807,39.225115335340384,65.61048180353505,51.64349184903361,85.69733957595423,37.34833907250689,47.84080921175105,49.84938391634139,76.97137556902395,39.73260042514816,48.37564034678913,47.253444400946584,24.523010438391207,54.918706810625494,84.17305913625552,0.0,34.96478719187491,57.34295537209223,45.58786438328828
29.393422549462,20.95000370989851,15.830702826153058,47.357866507482825,37.037743280958196,56.137469126615834,23.046151910568696,34.58903482750935,58.46804482000786,55.18145551541607,38.097963740266906,56.10905681844248,42.3383122003424,50.493231633520935,27.48014752240307,38.72735209787251,28.207728953668497,56.48706065956908,53.48411257479292,47.57869691259222,10.846572530774024,18.305718985001032,48.2187111488619,49.709313614733944,24.83056470947388,63.655194782669355,43.59871225471255,26.020457880751618,44.967734170860304,55.51013740672784,34.49913048601201,49.11945606771752,66.0741043471014,49.75853202136154,17.260810989644522,64.17639143461753,55.42519776782228,48.578371770817206,37.0414188395575,34.43872871657472,10.494693453264071,33.452015694299924,49.455444356978255,34.96478719187491,0.0,24.694124015257284,29.303272598174605
43.81208827053193,25.561499324734942,38.21255394790852,42.10758464351331,34.64684130963441,80.62937348909232,11.173842675619351,10.09500967055678,77.58778943652527,71.56619308557497,62.75938664771821,43.77058289535359,50.811092694633885,64.96784295566111,34.35188339284072,60.70095444410614,49.923478082345994,49.46698084104254,76.02703193377148,44.423288978058316,26.725893398146194,38.92605482642249,72.39634968018477,72.00961575185623,46.49075217695856,76.12905402712256,34.89172875948682,43.925532604382724,69.5360720242021,65.5974708929719,10.242481943960707,48.448984863574815,48.029886768425186,73.80949665236602,9.832909730731012,87.99911510906882,37.08855550474516,55.864415003701275,33.97463880703524,53.0347898105282,34.33345200897001,46.66882580886041,34.99290601004518,57.34295537209223,24.694124015257284,0.0,26.304915272281512
58.22294110754752,9.40146865669082,31.4476937112607,67.02119377627476,58.21834742644168,78.60938309854487,35.44740074809289,32.968693417979,58.748719920616956,50.37564476314266,58.147672674452615,27.58597440533061,26.06362931977166,42.71311414697896,53.31498506112542,66.6934482012921,56.736888438217655,27.29229657164844,62.502356690817656,19.384015585304475,20.776869533345522,47.532840519089994,63.704574944417345,58.342246123305934,35.72136481836674,51.92649373290309,60.49914545593926,28.81762408911082,63.28493653283751,40.66420455136364,28.225936505990507,22.54412134974229,40.554596379925194,74.27946631412169,19.424767804083206,88.74084178109634,31.39414946454394,30.283469223468675,8.3706611852143,63.69812066697671,31.930966020710777,62.09493028482228,61.296420473963956,45.58786438328828,29.303272598174605,26.304915272281512,0.0
